37.2|208|0|
44.0|209|0|
47.6|210|0|
38.3|211|0|
37.8|212|0|
35.7|213|0|
31.3|214|0|
39.8|215|0|
42.2|216|0|
26.6|217|0|
26.9|218|0|
25.7|219|0|
46.3|207|1|
54.9|209|1|
52.7|210|1|
58.7|211|1|
55.1|212|1|
45.5|213|1|
48.1|214|1|
46.1|215|1|
45.1|216|1|
46.4|217|1|
50.0|218|1|
48.8|219|1|
54.6|210|2|
53.2|211|2|
56.0|212|2|
63.5|214|2|
53.4|216|2|
52.5|217|2|
50.4|218|2|
50.1|219|2|
55.9|211|4|
43.6|212|4|
39.4|213|4|
37.9|214|4|
63.1|206|6|
60.7|207|6|
59.6|208|6|
64.2|209|6|
64.4|210|6|
67.8|211|6|
64.7|212|6|
65.8|213|6|
66.7|214|6|
67.0|215|6|
64.3|216|6|
60.4|217|6|
57.9|218|6|
59.7|219|6|
42.9|206|7|
48.8|207|7|
46.5|208|7|
41.8|209|7|
43.7|210|7|
42.6|211|7|
43.2|212|7|
42.8|213|7|
44.5|214|7|
43.5|215|7|
43.3|216|7|
42.9|217|7|
50.6|218|7|
46.8|219|7|
73.4|205|8|
72.9|207|8|
72.5|208|8|
74.5|210|8|
74.1|211|8|
72.0|212|8|
73.6|213|8|
72.9|214|8|
73.1|215|8|
72.5|216|8|
72.6|217|8|
71.8|218|8|
72.2|219|8|
71.2|206|9|
71.8|208|9|
73.0|210|9|
74.7|211|9|
74.0|212|9|
75.0|213|9|
69.5|214|9|
70.8|215|9|
70.5|216|9|
72.9|217|9|
74.0|218|9|
72.9|219|9|
47.3|206|10|
45.7|207|10|
48.2|208|10|
45.7|209|10|
42.2|210|10|
46.8|211|10|
49.1|212|10|
54.8|213|10|
52.5|214|10|
51.5|215|10|
53.0|216|10|
51.5|217|10|
51.7|218|10|
51.6|219|10|
57.0|209|12|
59.4|210|12|
48.2|211|12|
50.3|212|12|
66.9|213|12|
61.7|214|12|
60.1|215|12|
61.7|216|12|
62.3|217|12|
62.3|219|12|
43.2|206|13|
46.1|207|13|
50.5|208|13|
50.8|209|13|
48.6|210|13|
49.9|211|13|
47.2|212|13|
46.6|213|13|
46.4|214|13|
46.3|215|13|
45.6|216|13|
43.1|217|13|
45.0|218|13|
48.3|219|13|
56.6|206|15|
56.2|207|15|
54.6|208|15|
55.6|209|15|
55.3|210|15|
52.3|211|15|
57.5|212|15|
58.8|213|15|
58.1|214|15|
57.2|215|15|
51.8|216|15|
55.5|217|15|
52.3|218|15|
55.4|219|15|
72.6|205|16|
72.2|207|16|
71.2|208|16|
68.5|210|16|
71.1|211|16|
69.4|212|16|
71.0|213|16|
68.6|214|16|
69.0|215|16|
69.5|216|16|
69.3|217|16|
68.9|218|16|
68.6|219|16|
64.5|207|17|
59.6|214|17|
33.3|206|18|
36.7|208|18|
38.7|211|18|
31.9|212|18|
34.8|213|18|
33.5|214|18|
36.2|215|18|
40.1|216|18|
48.5|217|18|
58.2|218|18|
52.2|219|18|
55.7|213|19|
49.4|214|19|
50.8|215|19|
53.7|206|20|
56.3|207|20|
53.0|208|20|
60.9|209|20|
57.8|210|20|
57.8|211|20|
60.2|212|20|
57.7|213|20|
58.6|214|20|
58.3|215|20|
57.7|216|20|
56.5|217|20|
59.2|218|20|
57.5|219|20|
49.0|207|21|
49.6|209|21|
46.7|210|21|
49.9|211|21|
47.7|212|21|
51.2|213|21|
52.5|214|21|
51.2|215|21|
51.8|216|21|
50.9|217|21|
58.9|218|21|
56.7|219|21|
47.4|206|22|
54.5|208|22|
35.5|210|22|
35.2|211|22|
48.4|212|22|
41.3|213|22|
40.3|214|22|
37.6|215|22|
35.0|216|22|
35.0|217|22|
34.6|218|22|
34.8|219|22|
66.4|205|23|
63.2|207|23|
66.9|208|23|
70.0|209|23|
68.4|210|23|
70.4|211|23|
66.6|212|23|
71.4|213|23|
69.8|214|23|
65.5|215|23|
63.7|216|23|
63.3|217|23|
61.9|218|23|
63.8|219|23|
38.4|207|25|
39.1|210|25|
38.8|211|25|
42.2|212|25|
39.9|213|25|
44.4|214|25|
48.7|215|25|
48.4|216|25|
51.0|217|25|
51.0|218|25|
51.0|219|25|
38.0|206|26|
40.2|207|26|
38.5|208|26|
40.4|210|26|
47.9|211|26|
39.6|212|26|
33.3|213|26|
34.8|214|26|
44.2|215|26|
42.1|216|26|
46.5|217|26|
49.3|218|26|
47.7|219|26|
35.6|208|27|
37.9|209|27|
37.1|211|27|
29.0|214|27|
37.8|218|27|
37.8|219|27|
35.7|206|28|
41.6|207|28|
44.6|208|28|
41.1|209|28|
41.4|210|28|
41.6|211|28|
39.0|212|28|
36.7|213|28|
38.8|214|28|
41.6|215|28|
44.6|216|28|
45.9|217|28|
51.2|218|28|
48.5|219|28|
38.5|206|29|
43.5|207|29|
42.9|208|29|
47.4|209|29|
45.5|210|29|
44.3|211|29|
42.4|212|29|
42.7|213|29|
42.4|214|29|
50.4|215|29|
48.2|216|29|
50.7|217|29|
52.5|218|29|
50.8|219|29|
74.2|205|30|
74.8|207|30|
74.9|208|30|
74.9|209|30|
76.5|210|30|
74.3|211|30|
74.2|212|30|
75.9|213|30|
73.0|214|30|
74.1|215|30|
72.4|216|30|
74.1|217|30|
71.8|218|30|
72.3|219|30|
41.6|207|32|
35.7|210|32|
36.8|211|32|
26.9|216|32|
34.8|217|32|
34.8|219|32|
34.3|206|33|
41.4|207|33|
46.3|208|33|
36.4|209|33|
37.4|210|33|
43.9|211|33|
40.3|212|33|
35.1|213|33|
34.6|214|33|
43.2|215|33|
40.3|216|33|
45.6|217|33|
44.9|218|33|
44.2|219|33|
60.6|206|34|
57.0|207|34|
57.9|208|34|
64.9|209|34|
66.4|210|34|
65.3|211|34|
66.0|212|34|
67.4|213|34|
68.4|214|34|
65.3|215|34|
65.8|216|34|
63.2|217|34|
64.4|218|34|
62.3|219|34|
45.6|206|35|
48.6|207|35|
48.5|208|35|
44.5|209|35|
46.5|210|35|
50.4|211|35|
50.9|212|35|
52.4|213|35|
52.0|214|35|
53.0|215|35|
53.2|216|35|
51.0|217|35|
51.3|218|35|
51.2|219|35|
60.2|206|36|
61.4|207|36|
61.7|208|36|
62.7|209|36|
64.1|210|36|
64.6|211|36|
63.7|212|36|
66.1|213|36|
64.5|214|36|
63.9|215|36|
62.3|216|36|
61.6|217|36|
59.8|218|36|
61.6|219|36|
34.8|209|37|
38.1|210|37|
38.4|211|37|
39.6|212|37|
39.7|218|37|
42.9|219|37|
39.8|209|38|
45.2|211|38|
46.4|212|38|
45.0|213|38|
44.1|214|38|
39.0|215|38|
45.2|216|38|
43.1|217|38|
43.1|219|38|
38.2|208|39|
45.1|211|39|
39.2|212|39|
39.5|213|39|
40.6|214|39|
46.9|215|39|
41.2|216|39|
48.8|217|39|
54.9|218|39|
51.9|219|39|
70.8|206|40|
74.3|207|40|
68.5|208|40|
76.1|209|40|
72.7|210|40|
72.3|211|40|
72.7|212|40|
71.6|213|40|
72.5|214|40|
68.5|215|40|
71.4|216|40|
72.3|217|40|
71.4|218|40|
71.2|219|40|
42.0|209|41|
37.4|213|41|
35.7|214|41|
44.5|215|41|
45.4|216|41|
50.4|217|41|
52.7|218|41|
52.3|219|41|
58.2|207|42|
54.3|209|42|
56.0|210|42|
53.9|211|42|
60.3|212|42|
58.9|213|42|
53.8|214|42|
52.1|215|42|
54.2|216|42|
53.4|217|42|
55.4|218|42|
55.0|219|42|
54.2|206|43|
62.4|206|44|
68.3|209|44|
63.9|210|44|
66.9|211|44|
61.8|212|44|
54.4|213|44|
56.3|214|44|
54.4|215|44|
57.9|216|44|
60.6|217|44|
62.8|218|44|
61.6|219|44|
64.4|205|45|
65.0|207|45|
62.5|210|45|
63.3|211|45|
63.3|212|45|
67.0|213|45|
64.8|214|45|
66.1|215|45|
67.4|216|45|
67.9|217|45|
70.3|218|45|
69.1|219|45|
80.2|205|46|
78.3|207|46|
79.7|208|46|
76.8|209|46|
77.7|210|46|
77.9|211|46|
75.2|212|46|
75.9|213|46|
75.1|214|46|
75.1|215|46|
75.6|216|46|
75.9|217|46|
76.5|218|46|
76.5|219|46|
50.1|208|47|
49.1|209|47|
50.1|210|47|
43.7|211|47|
50.9|206|49|
50.8|207|49|
48.4|208|49|
54.3|209|49|
47.4|210|49|
54.0|211|49|
47.5|212|49|
50.2|213|49|
53.9|214|49|
50.6|215|49|
52.4|216|49|
56.1|217|49|
54.3|218|49|
56.9|219|49|
50.2|206|50|
50.0|207|50|
53.0|208|50|
60.2|209|50|
58.4|210|50|
58.0|211|50|
59.6|212|50|
60.2|213|50|
59.5|214|50|
59.6|215|50|
61.2|216|50|
58.4|217|50|
61.3|218|50|
59.3|219|50|
51.7|205|51|
55.4|207|51|
46.3|208|51|
50.7|209|51|
46.7|210|51|
41.7|211|51|
42.0|212|51|
35.6|213|51|
48.9|214|51|
47.6|215|51|
45.6|216|51|
39.3|217|51|
40.1|218|51|
41.5|219|51|
57.0|206|52|
53.0|207|52|
51.9|208|52|
68.4|209|52|
67.4|210|52|
47.4|211|52|
59.3|212|52|
63.3|213|52|
58.6|214|52|
60.2|215|52|
61.4|216|52|
63.4|217|52|
62.8|218|52|
63.5|219|52|
53.7|206|55|
53.3|207|55|
54.5|208|55|
51.4|209|55|
54.9|211|55|
53.6|212|55|
53.7|213|55|
55.6|214|55|
56.3|215|55|
56.5|216|55|
59.4|217|55|
60.9|218|55|
60.2|219|55|
48.7|211|56|
42.1|218|56|
43.1|219|56|
45.6|212|57|
44.4|213|57|
45.1|214|57|
45.7|215|57|
43.0|216|57|
41.8|217|57|
43.8|218|57|
41.9|219|57|
76.7|206|59|
76.7|208|59|
73.9|210|59|
73.5|211|59|
74.2|212|59|
74.4|213|59|
73.8|214|59|
74.5|215|59|
76.6|216|59|
77.9|217|59|
78.6|218|59|
78.1|219|59|
70.9|205|60|
65.8|206|60|
70.1|208|60|
62.8|209|60|
68.0|210|60|
69.6|211|60|
66.5|212|60|
66.7|213|60|
64.7|214|60|
63.6|215|60|
64.8|216|60|
66.4|217|60|
66.7|218|60|
66.6|219|60|
42.6|211|61|
39.7|212|61|
38.0|213|61|
39.2|214|61|
46.6|215|61|
48.3|216|61|
47.8|217|61|
47.8|218|61|
48.3|219|61|
41.2|217|62|
49.2|218|62|
47.5|219|62|
36.8|206|63|
37.1|207|63|
41.6|208|63|
38.0|209|63|
41.0|210|63|
42.0|211|63|
42.5|212|63|
43.5|213|63|
42.9|214|63|
41.2|215|63|
44.5|216|63|
44.5|217|63|
46.6|218|63|
46.7|219|63|
66.2|205|64|
64.2|207|64|
65.2|208|64|
66.4|209|64|
67.2|210|64|
66.2|211|64|
67.0|212|64|
69.7|213|64|
69.8|214|64|
70.4|215|64|
68.7|216|64|
70.7|217|64|
71.2|218|64|
70.8|219|64|
45.4|206|65|
52.2|207|65|
49.7|208|65|
42.0|209|65|
46.1|210|65|
56.1|211|65|
50.6|212|65|
49.7|213|65|
38.6|214|65|
39.9|215|65|
45.1|216|65|
54.8|217|65|
51.5|219|65|
60.1|205|66|
66.5|207|66|
60.4|209|66|
58.4|210|66|
53.7|211|66|
51.0|212|66|
47.2|213|66|
47.6|214|66|
56.2|215|66|
53.0|216|66|
51.5|217|66|
54.1|218|66|
55.1|219|66|
59.0|206|68|
63.3|207|68|
64.1|208|68|
64.5|209|68|
62.9|210|68|
57.4|211|68|
58.6|212|68|
59.8|213|68|
65.4|214|68|
64.6|215|68|
63.6|216|68|
63.3|217|68|
66.3|218|68|
64.0|219|68|
40.4|211|69|
36.5|212|69|
39.0|213|69|
34.1|214|69|
35.0|215|69|
36.0|216|69|
48.7|217|69|
52.5|218|69|
49.5|219|69|
59.9|207|71|
37.5|206|72|
38.5|208|72|
37.7|210|72|
48.4|211|72|
44.1|212|72|
46.2|213|72|
38.9|214|72|
35.7|215|72|
33.5|216|72|
38.2|217|72|
36.1|218|72|
37.2|219|72|
54.0|206|74|
51.0|207|74|
54.2|208|74|
60.3|209|74|
58.7|210|74|
49.6|211|74|
46.0|212|74|
47.1|213|74|
50.6|214|74|
48.5|215|74|
56.5|216|74|
60.2|217|74|
59.1|218|74|
59.5|219|74|
51.9|205|75|
49.5|207|75|
48.9|209|75|
47.3|210|75|
49.2|211|75|
46.8|212|75|
49.1|213|75|
51.8|214|75|
53.4|215|75|
54.5|216|75|
60.7|217|75|
60.0|219|75|
68.9|208|76|
75.9|212|76|
75.0|213|76|
75.0|215|76|
75.1|216|76|
74.8|217|76|
75.0|219|76|
53.5|206|77|
50.3|207|77|
51.5|208|77|
45.2|209|77|
49.9|210|77|
46.3|211|77|
47.2|212|77|
44.3|213|77|
44.2|214|77|
43.4|215|77|
41.8|216|77|
40.5|217|77|
38.2|218|77|
35.7|219|77|
49.5|206|78|
51.0|207|78|
48.2|208|78|
54.7|209|78|
54.6|210|78|
51.7|211|78|
53.7|212|78|
52.9|213|78|
56.0|214|78|
50.4|215|78|
51.4|216|78|
51.0|217|78|
53.4|218|78|
52.9|219|78|
53.1|205|79|
53.4|207|79|
51.3|208|79|
47.7|211|79|
46.1|212|79|
51.4|213|79|
46.8|214|79|
47.5|215|79|
46.5|216|79|
47.2|217|79|
42.8|218|79|
46.7|219|79|
45.9|208|80|
47.8|209|80|
50.7|210|80|
47.3|211|80|
46.6|212|80|
47.3|213|80|
45.4|214|80|
44.9|215|80|
44.1|216|80|
44.6|217|80|
47.8|219|80|
71.4|206|81|
75.7|208|81|
70.5|209|81|
72.6|210|81|
70.1|211|81|
69.6|212|81|
67.6|213|81|
70.2|214|81|
68.3|215|81|
70.4|216|81|
70.6|217|81|
69.6|218|81|
70.9|219|81|
71.7|206|82|
68.4|207|82|
72.6|208|82|
73.5|209|82|
73.6|210|82|
74.3|211|82|
71.1|212|82|
73.2|213|82|
74.0|214|82|
70.8|215|82|
71.6|216|82|
73.3|217|82|
69.3|218|82|
71.3|219|82|
68.5|205|83|
65.7|207|83|
67.8|208|83|
63.3|209|83|
63.5|210|83|
60.6|211|83|
58.4|212|83|
60.1|213|83|
60.3|214|83|
58.5|215|83|
59.5|216|83|
62.0|217|83|
65.2|218|83|
63.9|219|83|
62.1|206|84|
53.7|211|84|
57.1|213|84|
53.1|214|84|
58.9|217|84|
58.9|219|84|
65.2|205|85|
62.4|207|85|
59.1|208|85|
58.4|209|85|
60.6|210|85|
62.6|211|85|
59.7|212|85|
59.6|213|85|
59.2|214|85|
58.8|215|85|
59.5|216|85|
59.1|217|85|
57.9|218|85|
58.7|219|85|
62.9|205|86|
56.0|207|86|
49.3|208|86|
60.0|209|86|
55.7|210|86|
55.4|211|86|
51.3|212|86|
51.7|213|86|
53.3|214|86|
54.0|215|86|
52.7|216|86|
48.1|217|86|
46.4|218|86|
46.3|219|86|
54.8|206|87|
57.2|207|87|
58.9|208|87|
53.8|209|87|
55.1|210|87|
57.4|211|87|
57.6|212|87|
58.4|213|87|
59.7|214|87|
59.5|215|87|
55.3|216|87|
58.8|217|87|
60.1|218|87|
60.6|219|87|
42.2|206|88|
45.8|207|88|
40.2|208|88|
42.7|209|88|
42.6|210|88|
44.1|211|88|
45.5|212|88|
38.0|213|88|
49.0|214|88|
43.6|215|88|
44.0|216|88|
44.8|217|88|
46.6|218|88|
45.8|219|88|
60.8|206|90|
65.9|209|90|
68.0|210|90|
63.8|211|90|
62.2|212|90|
64.8|213|90|
61.8|214|90|
61.5|215|90|
59.5|216|90|
60.9|217|90|
61.0|219|90|
46.4|206|91|
47.0|207|91|
47.4|208|91|
50.7|209|91|
50.0|210|91|
49.2|211|91|
52.1|212|91|
54.0|213|91|
52.5|214|91|
49.1|215|91|
48.6|216|91|
56.3|217|91|
53.0|218|91|
55.4|219|91|
50.8|206|92|
53.6|207|92|
50.4|208|92|
47.0|211|92|
48.8|212|92|
46.2|217|92|
48.6|218|92|
48.9|219|92|
47.1|206|93|
46.7|207|93|
51.5|208|93|
46.7|209|93|
49.7|211|93|
51.3|212|93|
50.7|213|93|
57.3|214|93|
58.8|215|93|
59.4|216|93|
59.8|217|93|
59.0|218|93|
59.5|219|93|
54.9|205|94|
46.5|206|94|
45.9|208|94|
52.1|209|94|
50.3|210|94|
51.9|211|94|
45.7|212|94|
49.8|213|94|
52.3|214|94|
51.7|215|94|
52.7|216|94|
51.5|217|94|
51.7|218|94|
47.7|219|94|
49.0|211|95|
38.1|216|95|
38.0|217|95|
36.5|219|95|
37.0|207|96|
42.2|208|96|
42.0|210|96|
45.7|214|96|
27.0|215|96|
33.5|216|96|
44.2|217|96|
41.3|218|96|
45.6|219|96|
57.5|212|97|
56.2|215|97|
54.3|216|97|
56.5|217|97|
54.9|218|97|
54.9|219|97|
59.5|206|99|
58.1|207|99|
55.5|208|99|
54.7|209|99|
50.7|210|99|
54.3|211|99|
57.7|212|99|
56.0|213|99|
61.3|214|99|
57.1|215|99|
58.7|216|99|
62.7|217|99|
63.1|218|99|
62.2|219|99|
69.6|209|100|
71.0|210|100|
71.0|211|100|
69.6|212|100|
71.3|213|100|
68.9|214|100|
67.0|215|100|
69.7|216|100|
70.6|217|100|
72.4|218|100|
72.4|219|100|
39.8|206|101|
46.4|208|101|
43.8|211|101|
35.5|212|101|
38.2|213|101|
36.8|214|101|
35.9|215|101|
36.6|216|101|
40.8|217|101|
40.7|218|101|
41.7|219|101|
38.3|206|102|
48.9|207|102|
51.5|209|102|
39.5|211|102|
42.8|212|102|
40.4|213|102|
45.6|214|102|
38.7|215|102|
34.8|216|102|
34.2|217|102|
33.3|218|102|
35.4|219|102|
60.1|206|103|
62.4|207|103|
58.1|208|103|
53.8|209|103|
55.8|210|103|
57.9|211|103|
59.1|212|103|
57.7|213|103|
59.6|214|103|
63.2|215|103|
53.4|218|103|
53.8|219|103|
52.0|219|104|
40.1|206|105|
41.1|208|105|
39.8|209|105|
37.6|210|105|
46.7|211|105|
43.1|212|105|
36.8|213|105|
39.7|214|105|
45.8|215|105|
40.2|216|105|
47.4|217|105|
44.2|218|105|
47.3|219|105|
63.3|209|106|
57.7|210|106|
61.5|211|106|
59.6|212|106|
63.8|213|106|
64.5|214|106|
66.1|215|106|
65.9|216|106|
66.8|217|106|
69.1|218|106|
67.7|219|106|
41.5|207|108|
42.5|208|108|
45.0|209|108|
47.7|210|108|
47.8|211|108|
46.7|212|108|
42.0|213|108|
44.8|214|108|
39.2|215|108|
44.7|216|108|
46.8|217|108|
43.1|218|108|
43.7|219|108|
54.8|211|109|
56.5|214|109|
56.1|216|109|
61.7|217|109|
58.8|218|109|
61.0|219|109|
65.8|205|110|
65.3|207|110|
68.3|208|110|
69.6|209|110|
68.0|210|110|
69.1|211|110|
73.2|212|110|
74.4|213|110|
66.8|214|110|
62.4|215|110|
68.2|216|110|
64.1|217|110|
65.5|218|110|
64.7|219|110|
51.0|206|112|
47.7|207|112|
55.0|208|112|
55.5|209|112|
55.9|210|112|
57.9|211|112|
60.0|212|112|
57.6|213|112|
59.2|214|112|
60.2|215|112|
55.8|216|112|
53.3|217|112|
56.8|218|112|
56.1|219|112|
46.1|207|114|
44.9|208|114|
45.9|210|114|
50.3|211|114|
48.9|212|114|
49.1|213|114|
48.2|214|114|
49.8|215|114|
50.6|216|114|
53.3|217|114|
54.6|218|114|
54.6|219|114|
52.0|207|115|
48.0|209|115|
54.6|210|115|
52.2|211|115|
52.2|212|115|
50.7|213|115|
52.8|214|115|
51.2|215|115|
53.0|216|115|
56.1|217|115|
56.5|218|115|
55.5|219|115|
43.8|210|116|
50.8|211|116|
49.7|212|116|
51.4|213|116|
51.6|215|116|
53.9|216|116|
53.1|217|116|
49.0|218|116|
50.9|219|116|
45.9|206|117|
48.3|207|117|
46.5|208|117|
49.7|211|117|
45.5|215|117|
42.8|217|117|
46.5|218|117|
46.2|219|117|
44.4|212|118|
41.8|213|118|
47.9|214|118|
42.2|215|118|
46.2|216|118|
41.5|217|118|
44.1|218|118|
43.1|219|118|
48.9|207|119|
45.7|214|119|
44.4|217|119|
48.3|218|119|
45.7|219|119|
45.7|206|121|
47.5|207|121|
44.4|208|121|
49.2|209|121|
43.5|210|121|
38.1|211|121|
42.3|212|121|
46.0|213|121|
49.8|214|121|
48.1|215|121|
51.0|216|121|
47.4|217|121|
49.1|218|121|
51.4|219|121|
74.6|205|122|
74.5|207|122|
76.3|208|122|
75.0|210|122|
75.6|211|122|
74.7|212|122|
74.1|213|122|
73.2|214|122|
73.2|215|122|
75.4|216|122|
74.6|217|122|
74.6|218|122|
74.5|219|122|
73.1|206|123|
76.0|207|123|
73.8|208|123|
72.2|210|123|
71.9|211|123|
72.5|212|123|
72.8|213|123|
73.1|214|123|
74.2|215|123|
72.3|216|123|
73.3|217|123|
73.7|218|123|
73.0|219|123|
44.6|206|124|
49.4|207|124|
51.0|208|124|
53.5|209|124|
56.9|210|124|
53.9|211|124|
54.5|212|124|
57.7|213|124|
62.8|214|124|
59.2|215|124|
60.1|216|124|
64.8|217|124|
58.2|218|124|
61.4|219|124|
37.4|206|125|
42.8|207|125|
42.4|208|125|
42.7|209|125|
41.0|210|125|
45.6|211|125|
38.0|212|125|
37.2|213|125|
41.8|214|125|
36.7|215|125|
42.3|216|125|
46.2|217|125|
51.6|218|125|
49.1|219|125|
47.1|206|126|
48.9|207|126|
49.4|208|126|
49.8|209|126|
47.6|210|126|
54.9|212|126|
48.2|213|126|
49.3|215|126|
52.2|216|126|
53.2|217|126|
52.5|218|126|
47.2|219|126|
44.9|207|128|
44.3|209|128|
41.8|210|128|
49.0|211|128|
46.4|212|128|
51.9|213|128|
52.0|214|128|
49.8|215|128|
53.5|216|128|
52.3|217|128|
52.4|218|128|
51.6|219|128|
74.2|206|129|
76.3|208|129|
76.8|212|129|
74.4|214|129|
76.0|215|129|
76.0|216|129|
75.8|217|129|
74.4|218|129|
74.9|219|129|
68.5|211|130|
52.2|205|131|
56.7|207|131|
44.1|208|131|
52.1|209|131|
57.9|210|131|
52.7|211|131|
51.3|212|131|
51.4|213|131|
54.4|214|131|
48.2|215|131|
55.5|216|131|
58.3|217|131|
54.7|218|131|
56.9|219|131|
47.2|206|133|
41.5|207|133|
43.9|208|133|
44.7|209|133|
47.0|210|133|
47.5|211|133|
46.5|212|133|
48.4|213|133|
47.2|214|133|
47.0|215|133|
49.1|216|133|
46.3|217|133|
45.5|218|133|
45.5|219|133|
61.3|206|134|
68.9|207|134|
69.3|208|134|
70.3|209|134|
73.2|210|134|
72.5|211|134|
68.6|212|134|
68.7|213|134|
66.3|214|134|
66.1|215|134|
61.2|216|134|
65.7|217|134|
62.8|218|134|
63.0|219|134|
47.3|206|136|
52.7|207|136|
55.7|208|136|
55.8|209|136|
58.4|210|136|
56.8|211|136|
58.2|212|136|
59.4|213|136|
51.2|214|136|
55.6|215|136|
58.0|216|136|
57.1|217|136|
56.9|219|136|
48.1|206|137|
52.1|207|137|
51.3|208|137|
55.2|209|137|
56.1|210|137|
58.9|211|137|
58.2|212|137|
57.8|213|137|
58.7|214|137|
55.8|215|137|
57.0|216|137|
57.1|217|137|
56.8|218|137|
58.0|219|137|
46.7|206|138|
50.7|207|138|
45.9|208|138|
48.8|209|138|
49.4|210|138|
49.9|211|138|
50.0|212|138|
49.8|213|138|
53.1|214|138|
55.5|215|138|
54.3|216|138|
55.9|217|138|
58.7|218|138|
60.1|219|138|
55.9|205|139|
58.9|207|139|
57.7|209|139|
58.9|210|139|
56.5|211|139|
58.8|212|139|
57.5|213|139|
57.5|214|139|
60.1|215|139|
61.6|216|139|
62.0|217|139|
61.9|219|139|
54.1|206|140|
57.2|208|140|
50.9|210|140|
52.2|211|140|
49.9|212|140|
51.6|213|140|
51.3|214|140|
50.8|215|140|
54.5|216|140|
57.1|217|140|
59.2|218|140|
59.1|219|140|
64.2|209|141|
68.5|210|141|
65.9|211|141|
66.1|212|141|
63.7|215|141|
50.5|205|142|
53.9|207|142|
53.7|209|142|
49.1|210|142|
50.2|211|142|
51.7|212|142|
50.8|213|142|
57.3|214|142|
57.8|215|142|
59.7|216|142|
60.9|217|142|
61.5|218|142|
61.2|219|142|
49.6|206|143|
52.2|207|143|
56.2|208|143|
51.6|209|143|
53.8|210|143|
53.9|211|143|
56.2|212|143|
55.4|213|143|
60.4|214|143|
60.0|215|143|
58.5|216|143|
55.8|217|143|
55.1|218|143|
55.5|219|143|
42.1|206|144|
43.6|208|144|
40.3|209|144|
41.0|211|144|
33.3|212|144|
34.7|213|144|
36.0|214|144|
34.8|215|144|
33.3|216|144|
31.1|217|144|
35.6|218|144|
33.1|219|144|
70.8|205|148|
72.7|207|148|
68.1|208|148|
61.5|209|148|
63.1|210|148|
67.0|211|148|
64.0|212|148|
65.0|213|148|
62.8|214|148|
63.5|215|148|
64.7|216|148|
62.9|217|148|
63.6|218|148|
64.1|219|148|
44.2|206|149|
46.8|207|149|
46.8|208|149|
43.4|209|149|
43.7|210|149|
38.3|211|149|
36.7|212|149|
36.5|213|149|
43.9|214|149|
46.2|215|149|
45.9|216|149|
46.8|217|149|
47.7|218|149|
49.8|219|149|
47.5|207|150|
43.8|209|150|
44.6|210|150|
48.2|211|150|
51.5|212|150|
51.0|213|150|
51.1|214|150|
53.2|215|150|
57.5|216|150|
51.2|217|150|
59.4|218|150|
57.8|219|150|
36.3|206|152|
35.9|207|152|
30.0|208|152|
41.3|210|152|
45.0|211|152|
45.1|213|152|
45.0|214|152|
49.1|215|152|
47.3|216|152|
40.9|217|152|
43.1|218|152|
39.3|219|152|
64.6|206|153|
68.3|207|153|
66.4|208|153|
61.4|209|153|
65.3|210|153|
65.6|211|153|
65.3|213|153|
70.6|214|153|
66.2|215|153|
60.3|216|153|
63.8|217|153|
63.7|218|153|
63.8|219|153|
52.6|206|154|
60.5|210|154|
59.5|211|154|
59.1|212|154|
59.4|213|154|
61.4|214|154|
61.6|215|154|
59.9|216|154|
63.7|217|154|
62.4|218|154|
62.8|219|154|
58.1|206|155|
58.3|209|155|
60.8|210|155|
60.4|211|155|
60.6|212|155|
59.7|213|155|
56.8|214|155|
57.4|215|155|
59.4|216|155|
61.7|217|155|
62.5|218|155|
63.6|219|155|
49.9|209|157|
46.6|210|157|
49.3|211|157|
50.6|212|157|
55.3|214|157|
53.5|215|157|
46.7|216|157|
50.8|206|158|
52.0|207|158|
53.5|208|158|
52.2|209|158|
46.5|210|158|
49.3|211|158|
51.3|212|158|
36.6|213|158|
48.3|214|158|
48.9|215|158|
47.7|216|158|
45.1|217|158|
48.8|218|158|
48.1|219|158|
53.3|206|159|
57.7|207|159|
53.9|208|159|
56.5|209|159|
61.2|210|159|
69.5|211|159|
60.0|212|159|
59.6|213|159|
58.0|214|159|
57.8|215|159|
59.7|216|159|
58.7|217|159|
58.4|218|159|
58.7|219|159|
38.3|214|160|
40.7|215|160|
28.9|216|160|
28.2|217|160|
28.2|219|160|
71.5|205|161|
69.9|207|161|
72.9|208|161|
62.0|209|161|
61.9|210|161|
65.2|211|161|
62.9|212|161|
61.5|213|161|
64.6|214|161|
63.8|215|161|
63.2|216|161|
62.3|217|161|
65.1|218|161|
64.0|219|161|
43.4|206|162|
44.1|207|162|
44.3|208|162|
42.1|209|162|
39.8|210|162|
41.8|211|162|
42.2|212|162|
43.6|213|162|
42.7|214|162|
46.1|215|162|
43.3|217|162|
44.0|218|162|
43.3|219|162|
44.5|209|166|
44.4|210|166|
43.1|211|166|
45.5|212|166|
41.4|214|166|
62.7|212|167|
73.8|205|168|
72.4|207|168|
75.2|208|168|
72.7|209|168|
75.0|210|168|
73.8|211|168|
75.6|212|168|
74.3|213|168|
72.4|214|168|
72.9|215|168|
73.7|216|168|
72.9|217|168|
73.7|218|168|
73.5|219|168|
74.7|206|169|
75.2|209|169|
77.8|212|169|
74.9|214|169|
75.7|215|169|
74.6|216|169|
74.7|217|169|
75.1|218|169|
75.6|219|169|
53.2|208|170|
49.8|209|170|
44.6|210|170|
40.4|211|170|
31.6|212|170|
26.9|213|170|
34.6|215|170|
46.1|206|171|
44.3|207|171|
50.6|208|171|
45.8|209|171|
43.8|210|171|
42.6|211|171|
45.0|212|171|
49.7|213|171|
49.0|214|171|
51.2|215|171|
51.0|216|171|
58.3|217|171|
55.6|219|171|
39.2|206|172|
43.2|207|172|
43.8|208|172|
34.1|209|172|
32.3|210|172|
40.7|211|172|
40.1|212|172|
38.5|213|172|
34.8|214|172|
36.6|215|172|
29.0|216|172|
33.5|217|172|
34.5|218|172|
34.8|219|172|
58.9|206|173|
57.8|207|173|
56.4|208|173|
54.8|209|173|
62.2|210|173|
66.6|211|173|
63.0|212|173|
62.3|213|173|
69.9|214|173|
62.0|215|173|
60.7|216|173|
59.4|217|173|
60.1|218|173|
60.0|219|173|
32.0|206|175|
28.1|208|175|
29.4|211|175|
28.4|214|175|
37.7|215|175|
38.8|216|175|
43.6|217|175|
40.2|218|175|
41.9|219|175|
58.3|206|177|
67.0|208|177|
65.2|211|177|
61.7|213|177|
61.9|217|177|
61.9|219|177|
50.3|209|178|
51.3|210|178|
48.8|211|178|
44.6|212|178|
52.5|213|178|
47.6|214|178|
51.3|215|178|
45.2|216|178|
41.2|217|178|
47.4|218|178|
43.9|219|178|
47.2|205|179|
56.2|207|179|
51.2|208|179|
52.1|209|179|
54.9|210|179|
52.7|211|179|
53.1|212|179|
48.9|213|179|
55.8|214|179|
55.1|215|179|
53.3|216|179|
56.1|217|179|
51.9|218|179|
51.3|219|179|
65.7|209|180|
57.9|211|180|
54.6|212|180|
53.9|213|180|
57.9|214|180|
57.9|215|180|
58.9|216|180|
52.3|217|180|
46.2|218|180|
51.2|219|180|
37.3|206|182|
44.6|207|182|
45.7|208|182|
46.1|209|182|
41.9|210|182|
48.3|211|182|
43.1|212|182|
37.1|213|182|
37.7|214|182|
42.4|215|182|
42.3|216|182|
40.0|217|182|
43.2|218|182|
44.3|219|182|
48.0|206|183|
52.5|207|183|
51.7|208|183|
51.7|209|183|
50.6|210|183|
50.8|211|183|
50.3|212|183|
47.1|213|183|
43.0|214|183|
39.6|215|183|
40.3|216|183|
43.1|217|183|
46.6|218|183|
45.6|219|183|
67.3|206|184|
68.7|209|184|
71.0|210|184|
71.2|211|184|
72.2|212|184|
66.2|213|184|
65.4|214|184|
65.7|215|184|
68.3|216|184|
70.4|217|184|
66.0|218|184|
67.9|219|184|
69.8|205|185|
68.0|207|185|
69.9|208|185|
69.1|209|185|
70.3|210|185|
68.7|211|185|
68.8|212|185|
69.2|213|185|
67.6|214|185|
65.2|215|185|
68.2|216|185|
71.0|217|185|
72.3|218|185|
71.6|219|185|
71.8|206|186|
75.1|207|186|
72.8|208|186|
71.6|209|186|
71.6|210|186|
71.2|211|186|
70.3|212|186|
72.5|213|186|
71.5|214|186|
68.6|215|186|
68.0|216|186|
69.9|217|186|
68.8|218|186|
69.4|219|186|
57.9|206|187|
56.9|207|187|
56.6|208|187|
63.0|209|187|
60.6|210|187|
65.5|211|187|
64.5|212|187|
64.4|213|187|
65.6|214|187|
66.3|215|187|
61.7|216|187|
63.4|217|187|
63.7|218|187|
64.4|219|187|
52.3|206|188|
53.1|208|188|
52.6|209|188|
51.0|210|188|
57.4|211|188|
60.2|212|188|
59.4|213|188|
60.5|214|188|
59.7|215|188|
58.9|216|188|
64.2|217|188|
62.1|218|188|
62.6|219|188|
71.7|205|190|
65.3|206|190|
62.6|208|190|
71.9|209|190|
74.8|210|190|
65.8|211|190|
70.7|212|190|
65.5|213|190|
61.4|214|190|
55.7|215|190|
40.4|216|190|
50.7|217|190|
50.1|218|190|
50.5|219|190|
52.9|206|191|
54.2|207|191|
54.8|208|191|
53.0|209|191|
53.0|210|191|
57.7|211|191|
55.3|212|191|
50.2|213|191|
50.8|214|191|
50.8|215|191|
50.6|216|191|
51.8|217|191|
53.0|218|191|
53.5|219|191|
44.8|207|192|
48.1|209|192|
43.5|210|192|
37.5|211|192|
40.6|212|192|
42.2|213|192|
39.7|214|192|
29.8|215|192|
38.3|216|192|
32.5|217|192|
30.6|218|192|
35.3|219|192|
48.2|206|193|
40.0|207|193|
47.3|208|193|
52.6|209|193|
50.0|211|193|
50.1|212|193|
52.4|213|193|
43.5|214|193|
48.4|215|193|
43.5|216|193|
39.3|217|193|
40.4|218|193|
37.6|219|193|
38.3|206|194|
32.8|207|194|
31.7|208|194|
40.6|209|194|
46.8|210|194|
48.5|211|194|
49.6|212|194|
46.9|213|194|
41.8|214|194|
37.0|215|194|
37.4|216|194|
36.4|217|194|
36.2|218|194|
33.0|219|194|
