29.8|190|0|
30.4|191|0|
31.2|192|0|
30.8|193|0|
30.3|194|0|
32.7|195|0|
33.1|196|0|
33.5|197|0|
33.9|198|0|
34.3|199|0|
34.5|200|0|
34.7|201|0|
37.8|202|0|
38.7|203|0|
40.0|204|0|
41.0|205|0|
41.9|206|0|
43.1|207|0|
43.6|208|0|
44.7|209|0|
46.4|210|0|
46.5|211|0|
47.9|212|0|
48.5|213|0|
48.8|214|0|
49.0|215|0|
49.1|216|0|
49.3|217|0|
49.6|218|0|
64.4|190|1|
62.5|191|1|
60.8|192|1|
61.1|193|1|
61.7|194|1|
62.9|195|1|
63.9|196|1|
63.9|197|1|
64.9|198|1|
66.0|199|1|
66.7|200|1|
67.3|201|1|
68.0|202|1|
68.7|203|1|
69.2|204|1|
70.2|205|1|
70.9|206|1|
71.8|207|1|
72.4|208|1|
72.9|209|1|
74.0|210|1|
75.9|211|1|
77.1|212|1|
78.1|213|1|
78.7|214|1|
78.8|215|1|
78.8|216|1|
78.9|217|1|
79.1|218|1|
57.8|190|2|
58.2|191|2|
58.9|192|2|
59.3|193|2|
59.7|194|2|
60.2|195|2|
61.0|196|2|
61.9|197|2|
62.9|198|2|
63.8|199|2|
64.6|200|2|
65.5|201|2|
66.6|202|2|
67.6|203|2|
68.5|204|2|
69.4|205|2|
69.9|206|2|
70.8|207|2|
71.1|208|2|
72.0|209|2|
73.0|210|2|
73.8|211|2|
73.7|212|2|
74.6|213|2|
74.9|214|2|
75.1|215|2|
75.5|216|2|
75.8|217|2|
75.9|218|2|
75.9|200|3|
76.7|201|3|
78.0|202|3|
82.0|203|3|
82.6|204|3|
81.9|205|3|
82.9|206|3|
82.9|207|3|
83.1|208|3|
83.0|209|3|
82.8|210|3|
82.7|211|3|
84.9|212|3|
84.6|213|3|
85.3|214|3|
85.0|215|3|
85.4|216|3|
85.2|217|3|
85.7|218|3|
38.4|199|4|
39.4|200|4|
40.4|201|4|
41.9|202|4|
42.8|203|4|
44.0|204|4|
45.3|205|4|
46.6|206|4|
48.2|207|4|
49.4|208|4|
50.8|209|4|
51.0|210|4|
52.5|211|4|
53.7|212|4|
54.7|213|4|
55.7|214|4|
56.5|215|4|
57.0|216|4|
57.6|217|4|
57.4|218|4|
77.3|205|5|
77.9|206|5|
78.4|207|5|
78.3|208|5|
77.6|209|5|
77.2|210|5|
76.4|211|5|
76.7|212|5|
76.7|213|5|
76.7|214|5|
77.0|215|5|
77.2|216|5|
77.4|217|5|
77.6|218|5|
70.7|190|6|
71.4|191|6|
71.9|192|6|
72.5|193|6|
72.9|194|6|
73.1|195|6|
73.8|196|6|
74.6|197|6|
75.2|198|6|
76.3|199|6|
77.0|200|6|
77.5|201|6|
77.0|202|6|
77.5|203|6|
77.5|204|6|
77.7|205|6|
80.1|206|6|
80.6|207|6|
81.0|208|6|
81.0|209|6|
81.8|210|6|
82.3|211|6|
82.3|212|6|
82.4|213|6|
82.5|214|6|
82.8|215|6|
82.8|216|6|
83.2|217|6|
83.0|218|6|
63.3|190|7|
62.9|191|7|
58.5|192|7|
59.0|193|7|
60.0|194|7|
60.4|195|7|
61.4|196|7|
62.5|197|7|
63.7|198|7|
64.4|199|7|
64.9|200|7|
65.3|201|7|
66.3|202|7|
67.2|203|7|
68.1|204|7|
69.4|205|7|
70.8|206|7|
72.4|207|7|
72.7|208|7|
72.4|209|7|
72.9|210|7|
73.3|211|7|
73.7|212|7|
74.3|213|7|
74.6|214|7|
74.8|215|7|
75.1|216|7|
75.8|217|7|
76.0|218|7|
86.6|190|8|
86.7|191|8|
86.8|192|8|
87.2|193|8|
87.5|194|8|
88.3|195|8|
88.6|196|8|
88.9|197|8|
89.2|198|8|
89.5|199|8|
89.8|200|8|
90.0|201|8|
90.3|202|8|
90.4|203|8|
90.7|204|8|
90.2|205|8|
90.5|206|8|
90.8|207|8|
92.2|208|8|
92.3|209|8|
92.6|210|8|
92.8|211|8|
93.2|212|8|
92.6|213|8|
92.9|214|8|
93.3|215|8|
93.5|216|8|
93.7|217|8|
93.8|218|8|
79.5|190|9|
79.9|191|9|
80.5|192|9|
80.9|193|9|
81.3|194|9|
81.7|195|9|
82.0|196|9|
82.4|197|9|
82.8|198|9|
83.4|199|9|
83.8|200|9|
84.9|201|9|
83.8|202|9|
84.2|203|9|
84.9|204|9|
85.5|205|9|
86.1|206|9|
88.1|207|9|
88.4|208|9|
88.6|209|9|
89.5|210|9|
89.7|211|9|
89.9|212|9|
89.6|213|9|
90.4|214|9|
90.6|215|9|
90.9|216|9|
91.2|217|9|
91.4|218|9|
61.2|195|10|
61.2|196|10|
61.8|197|10|
62.7|198|10|
63.4|199|10|
64.1|200|10|
64.9|201|10|
65.8|202|10|
66.7|203|10|
67.4|204|10|
68.1|205|10|
70.7|206|10|
71.2|207|10|
72.1|208|10|
73.4|209|10|
73.2|210|10|
73.1|211|10|
73.6|212|10|
74.1|213|10|
74.6|214|10|
74.9|215|10|
74.9|216|10|
75.2|217|10|
75.4|218|10|
78.7|200|11|
78.8|201|11|
79.0|202|11|
78.9|203|11|
79.0|204|11|
79.1|205|11|
79.4|206|11|
79.4|207|11|
79.4|208|11|
79.3|209|11|
79.5|210|11|
79.5|211|11|
79.7|212|11|
79.7|213|11|
79.6|214|11|
79.9|215|11|
80.0|216|11|
80.4|217|11|
80.5|218|11|
73.6|190|12|
75.5|191|12|
75.6|192|12|
76.4|193|12|
76.8|194|12|
77.5|195|12|
77.9|196|12|
78.1|197|12|
78.4|198|12|
78.6|199|12|
79.2|200|12|
79.2|201|12|
79.2|202|12|
79.3|203|12|
79.2|204|12|
79.2|205|12|
79.3|206|12|
79.6|207|12|
79.6|208|12|
79.4|209|12|
79.6|210|12|
79.8|211|12|
80.0|212|12|
80.7|213|12|
81.0|214|12|
83.4|215|12|
83.9|216|12|
83.9|217|12|
83.8|218|12|
38.8|190|13|
39.5|191|13|
40.3|192|13|
41.1|193|13|
41.9|194|13|
42.7|195|13|
43.6|196|13|
44.4|197|13|
45.3|198|13|
46.2|199|13|
47.0|200|13|
47.9|201|13|
48.5|202|13|
49.2|203|13|
49.9|204|13|
50.6|205|13|
51.4|206|13|
52.1|207|13|
52.4|208|13|
53.5|209|13|
54.9|210|13|
55.9|211|13|
56.7|212|13|
57.2|213|13|
57.2|214|13|
58.8|215|13|
59.9|216|13|
60.9|217|13|
61.4|218|13|
73.2|190|14|
73.3|191|14|
73.3|192|14|
73.7|193|14|
74.3|194|14|
74.7|195|14|
75.1|196|14|
75.7|197|14|
75.6|198|14|
76.4|199|14|
77.1|200|14|
77.0|201|14|
77.4|202|14|
77.8|203|14|
78.2|204|14|
78.6|205|14|
79.1|206|14|
79.6|207|14|
79.9|208|14|
80.1|209|14|
79.9|210|14|
80.2|211|14|
81.1|212|14|
81.2|213|14|
81.2|214|14|
81.2|215|14|
81.4|216|14|
81.3|217|14|
81.3|218|14|
65.6|195|15|
66.1|196|15|
66.7|197|15|
67.1|198|15|
67.6|199|15|
68.2|200|15|
68.9|201|15|
69.6|202|15|
70.4|203|15|
71.4|204|15|
72.4|205|15|
74.0|206|15|
75.6|207|15|
77.4|208|15|
78.4|209|15|
79.2|210|15|
79.8|211|15|
80.3|212|15|
80.8|213|15|
81.1|214|15|
81.1|215|15|
81.2|216|15|
81.5|217|15|
81.7|218|15|
80.6|190|16|
81.0|191|16|
82.5|192|16|
83.8|193|16|
84.5|194|16|
85.1|195|16|
85.7|196|16|
86.2|197|16|
86.6|198|16|
86.8|199|16|
87.3|200|16|
87.6|201|16|
87.9|202|16|
88.2|203|16|
88.5|204|16|
88.9|205|16|
89.6|206|16|
89.9|207|16|
89.9|208|16|
89.9|209|16|
90.3|210|16|
90.4|211|16|
90.5|212|16|
90.8|213|16|
91.0|214|16|
91.3|215|16|
91.5|216|16|
91.7|217|16|
91.9|218|16|
61.3|190|17|
61.8|191|17|
62.4|192|17|
62.7|193|17|
62.7|194|17|
62.7|195|17|
62.7|196|17|
63.0|197|17|
63.1|198|17|
63.6|199|17|
64.3|200|17|
64.7|201|17|
65.5|202|17|
66.3|203|17|
66.8|204|17|
66.6|205|17|
67.6|206|17|
67.8|207|17|
68.3|208|17|
68.8|209|17|
69.3|210|17|
69.9|211|17|
70.6|212|17|
70.7|213|17|
71.0|214|17|
71.5|215|17|
72.2|216|17|
71.9|217|17|
72.0|218|17|
34.8|190|18|
35.4|191|18|
35.8|192|18|
36.5|193|18|
36.8|194|18|
37.3|195|18|
37.7|196|18|
38.1|197|18|
38.5|198|18|
39.1|199|18|
39.8|200|18|
41.0|201|18|
41.9|202|18|
42.6|203|18|
43.4|204|18|
44.0|205|18|
44.7|206|18|
45.5|207|18|
46.2|208|18|
46.8|209|18|
47.3|210|18|
47.9|211|18|
48.9|212|18|
50.0|213|18|
50.5|214|18|
51.0|215|18|
51.2|216|18|
51.5|217|18|
52.0|218|18|
51.2|205|19|
52.4|206|19|
53.9|207|19|
54.7|208|19|
55.9|209|19|
57.1|210|19|
58.1|211|19|
59.1|212|19|
59.4|213|19|
60.1|214|19|
60.6|215|19|
61.0|216|19|
61.5|217|19|
61.7|218|19|
54.0|190|20|
54.9|191|20|
55.5|192|20|
56.2|193|20|
57.0|194|20|
57.8|195|20|
58.5|196|20|
58.7|197|20|
59.9|198|20|
60.8|199|20|
61.6|200|20|
61.9|201|20|
62.5|202|20|
62.9|203|20|
63.0|204|20|
63.2|205|20|
63.8|206|20|
63.8|207|20|
64.7|208|20|
65.1|209|20|
65.6|210|20|
66.0|211|20|
66.3|212|20|
67.3|213|20|
67.8|214|20|
68.5|215|20|
69.2|216|20|
70.0|217|20|
70.3|218|20|
66.9|200|21|
67.5|201|21|
68.1|202|21|
68.6|203|21|
69.2|204|21|
70.0|205|21|
70.6|206|21|
71.3|207|21|
72.0|208|21|
72.0|209|21|
71.4|210|21|
72.2|211|21|
74.1|212|21|
74.8|213|21|
75.4|214|21|
75.5|215|21|
76.5|216|21|
76.7|217|21|
76.9|218|21|
57.0|190|22|
57.6|191|22|
57.4|192|22|
57.3|193|22|
56.7|194|22|
57.3|195|22|
57.2|196|22|
57.5|197|22|
57.7|198|22|
57.9|199|22|
57.8|200|22|
58.0|201|22|
57.6|202|22|
58.3|203|22|
58.9|204|22|
59.8|205|22|
61.2|206|22|
62.5|207|22|
63.8|208|22|
64.7|209|22|
66.0|210|22|
67.6|211|22|
68.7|212|22|
69.9|213|22|
70.9|214|22|
71.4|215|22|
71.9|216|22|
72.4|217|22|
72.8|218|22|
61.3|190|23|
62.0|191|23|
62.6|192|23|
63.4|193|23|
64.2|194|23|
65.1|195|23|
65.7|196|23|
66.4|197|23|
67.0|198|23|
67.5|199|23|
68.4|200|23|
69.1|201|23|
69.8|202|23|
69.4|203|23|
69.7|204|23|
70.0|205|23|
70.1|206|23|
70.5|207|23|
71.6|208|23|
71.8|209|23|
72.6|210|23|
73.0|211|23|
73.4|212|23|
75.2|213|23|
75.5|214|23|
75.5|215|23|
75.7|216|23|
76.0|217|23|
76.1|218|23|
76.8|190|24|
77.3|191|24|
77.8|192|24|
78.3|193|24|
78.8|194|24|
79.1|195|24|
79.4|196|24|
79.7|197|24|
79.8|198|24|
80.4|199|24|
80.5|200|24|
80.6|201|24|
80.9|202|24|
81.5|203|24|
82.0|204|24|
82.4|205|24|
82.7|206|24|
82.7|207|24|
82.8|208|24|
83.1|209|24|
83.2|210|24|
83.6|211|24|
84.3|212|24|
84.4|213|24|
84.5|214|24|
84.3|215|24|
84.4|216|24|
84.3|217|24|
84.5|218|24|
69.4|190|25|
69.1|191|25|
69.1|192|25|
69.0|193|25|
69.1|194|25|
69.7|195|25|
70.3|196|25|
70.4|197|25|
71.0|198|25|
70.9|199|25|
71.2|200|25|
72.2|201|25|
72.9|202|25|
73.8|203|25|
74.5|204|25|
75.0|205|25|
75.6|206|25|
76.4|207|25|
77.1|208|25|
77.4|209|25|
77.9|210|25|
78.2|211|25|
78.6|212|25|
79.2|213|25|
79.7|214|25|
80.7|215|25|
81.2|216|25|
81.3|217|25|
81.6|218|25|
28.6|200|26|
29.0|201|26|
29.6|202|26|
30.3|203|26|
31.2|204|26|
32.4|205|26|
33.3|206|26|
34.4|207|26|
35.7|208|26|
36.6|209|26|
37.5|210|26|
38.5|211|26|
39.4|212|26|
40.1|213|26|
40.5|214|26|
41.3|215|26|
42.0|216|26|
42.9|217|26|
43.4|218|26|
29.5|190|27|
29.8|191|27|
29.4|192|27|
29.4|193|27|
29.1|194|27|
28.7|195|27|
28.3|196|27|
28.3|197|27|
28.7|198|27|
28.8|199|27|
29.3|200|27|
29.4|201|27|
30.4|202|27|
31.2|203|27|
32.2|204|27|
32.9|205|27|
35.1|206|27|
36.3|207|27|
37.5|208|27|
39.1|209|27|
40.2|210|27|
41.0|211|27|
41.6|212|27|
42.2|213|27|
42.9|214|27|
42.7|215|27|
42.7|216|27|
42.1|217|27|
42.3|218|27|
38.4|190|28|
38.8|191|28|
39.3|192|28|
39.7|193|28|
37.4|194|28|
38.7|195|28|
39.1|196|28|
39.7|197|28|
40.2|198|28|
40.7|199|28|
41.9|200|28|
43.4|201|28|
45.3|202|28|
46.6|203|28|
47.8|204|28|
49.0|205|28|
50.2|206|28|
51.6|207|28|
52.1|208|28|
52.4|209|28|
53.5|210|28|
54.2|211|28|
54.8|212|28|
55.5|213|28|
56.1|214|28|
56.6|215|28|
57.2|216|28|
57.8|217|28|
58.1|218|28|
44.5|190|29|
44.2|191|29|
43.8|192|29|
43.2|193|29|
43.0|194|29|
42.9|195|29|
42.8|196|29|
42.9|197|29|
43.4|198|29|
43.4|199|29|
43.9|200|29|
45.5|201|29|
45.7|202|29|
46.3|203|29|
46.8|204|29|
46.9|205|29|
47.0|206|29|
48.1|207|29|
48.9|208|29|
49.7|209|29|
47.1|210|29|
51.3|211|29|
52.4|212|29|
53.1|213|29|
54.0|214|29|
54.8|215|29|
55.6|216|29|
56.0|217|29|
56.3|218|29|
85.0|190|30|
85.3|191|30|
85.6|192|30|
85.4|193|30|
85.9|194|30|
86.1|195|30|
86.3|196|30|
86.3|197|30|
86.1|198|30|
86.4|199|30|
86.8|200|30|
87.2|201|30|
87.7|202|30|
88.2|203|30|
88.7|204|30|
89.2|205|30|
89.5|206|30|
89.1|207|30|
89.3|208|30|
89.3|209|30|
89.5|210|30|
89.9|211|30|
90.6|212|30|
91.0|213|30|
91.4|214|30|
91.7|215|30|
92.0|216|30|
92.1|217|30|
92.2|218|30|
56.4|200|31|
56.6|201|31|
57.6|202|31|
58.0|203|31|
58.6|204|31|
59.2|205|31|
60.6|206|31|
61.5|207|31|
62.2|208|31|
62.3|209|31|
62.6|210|31|
63.3|211|31|
63.4|212|31|
64.1|213|31|
64.1|214|31|
64.3|215|31|
64.5|216|31|
64.7|217|31|
65.1|218|31|
32.0|190|32|
31.4|191|32|
29.9|192|32|
29.9|193|32|
30.0|194|32|
30.4|195|32|
30.1|196|32|
30.4|197|32|
30.6|198|32|
30.8|199|32|
30.7|200|32|
31.1|201|32|
31.4|202|32|
31.4|203|32|
31.9|204|32|
32.3|205|32|
32.8|206|32|
33.4|207|32|
33.9|208|32|
34.6|209|32|
35.5|210|32|
36.3|211|32|
37.0|212|32|
35.1|213|32|
35.5|214|32|
36.2|215|32|
37.2|216|32|
37.6|217|32|
38.1|218|32|
29.8|200|33|
30.6|201|33|
31.1|202|33|
31.0|203|33|
32.6|204|33|
33.1|205|33|
33.7|206|33|
34.5|207|33|
35.0|208|33|
36.6|209|33|
37.4|210|33|
38.5|211|33|
39.3|212|33|
39.9|213|33|
40.6|214|33|
40.3|215|33|
39.8|216|33|
40.1|217|33|
40.1|218|33|
70.3|190|34|
71.2|191|34|
71.9|192|34|
71.2|193|34|
71.7|194|34|
72.5|195|34|
73.2|196|34|
73.9|197|34|
74.1|198|34|
74.7|199|34|
75.3|200|34|
76.4|201|34|
76.7|202|34|
77.3|203|34|
78.2|204|34|
78.8|205|34|
78.7|206|34|
80.1|207|34|
81.1|208|34|
81.9|209|34|
80.0|210|34|
81.2|211|34|
81.8|212|34|
83.0|213|34|
83.4|214|34|
83.9|215|34|
84.3|216|34|
84.5|217|34|
84.7|218|34|
50.1|190|35|
50.9|191|35|
52.0|192|35|
53.0|193|35|
53.7|194|35|
54.9|195|35|
55.8|196|35|
56.6|197|35|
57.4|198|35|
58.3|199|35|
59.1|200|35|
59.9|201|35|
61.0|202|35|
62.2|203|35|
63.1|204|35|
64.3|205|35|
65.7|206|35|
67.0|207|35|
68.1|208|35|
69.0|209|35|
70.2|210|35|
71.1|211|35|
71.9|212|35|
72.7|213|35|
73.5|214|35|
74.2|215|35|
74.9|216|35|
75.3|217|35|
75.8|218|35|
60.0|190|36|
60.3|191|36|
61.3|192|36|
62.1|193|36|
62.8|194|36|
63.3|195|36|
64.3|196|36|
65.1|197|36|
65.8|198|36|
65.8|199|36|
66.2|200|36|
66.4|201|36|
66.7|202|36|
66.6|203|36|
68.0|204|36|
69.3|205|36|
70.0|206|36|
71.3|207|36|
72.0|208|36|
72.4|209|36|
72.9|210|36|
73.5|211|36|
73.6|212|36|
74.6|213|36|
75.0|214|36|
75.3|215|36|
75.9|216|36|
76.0|217|36|
76.1|218|36|
45.7|200|37|
46.2|201|37|
46.7|202|37|
47.3|203|37|
47.4|204|37|
48.0|205|37|
48.7|206|37|
49.2|207|37|
49.9|208|37|
50.6|209|37|
51.3|210|37|
52.4|211|37|
52.9|212|37|
53.2|213|37|
53.4|214|37|
53.5|215|37|
53.7|216|37|
53.9|217|37|
53.8|218|37|
37.7|190|38|
37.1|191|38|
36.9|192|38|
36.4|193|38|
33.4|194|38|
33.3|195|38|
33.7|196|38|
33.4|197|38|
33.4|198|38|
33.1|199|38|
33.3|200|38|
33.3|201|38|
34.0|202|38|
34.9|203|38|
35.7|204|38|
36.4|205|38|
37.2|206|38|
38.2|207|38|
39.3|208|38|
40.0|209|38|
41.6|210|38|
41.9|211|38|
42.3|212|38|
42.9|213|38|
44.1|214|38|
44.5|215|38|
45.3|216|38|
45.6|217|38|
45.9|218|38|
53.1|190|39|
53.0|191|39|
53.0|192|39|
52.4|193|39|
52.1|194|39|
50.5|195|39|
50.3|196|39|
50.6|197|39|
51.1|198|39|
50.0|199|39|
49.5|200|39|
50.1|201|39|
50.4|202|39|
50.4|203|39|
50.8|204|39|
50.6|205|39|
50.8|206|39|
52.3|207|39|
53.8|208|39|
55.0|209|39|
55.7|210|39|
55.9|211|39|
57.1|212|39|
58.1|213|39|
59.5|214|39|
61.4|215|39|
61.3|216|39|
60.9|217|39|
60.9|218|39|
65.5|190|40|
66.1|191|40|
67.0|192|40|
67.6|193|40|
68.2|194|40|
68.7|195|40|
69.0|196|40|
69.6|197|40|
70.2|198|40|
70.6|199|40|
71.1|200|40|
71.4|201|40|
71.7|202|40|
72.0|203|40|
72.4|204|40|
72.8|205|40|
73.4|206|40|
74.2|207|40|
75.0|208|40|
75.1|209|40|
75.4|210|40|
76.8|211|40|
77.4|212|40|
77.7|213|40|
78.5|214|40|
78.6|215|40|
78.9|216|40|
79.2|217|40|
79.4|218|40|
39.1|190|41|
39.3|191|41|
39.3|192|41|
39.3|193|41|
39.5|194|41|
39.7|195|41|
40.1|196|41|
40.3|197|41|
40.3|198|41|
40.8|199|41|
40.7|200|41|
40.8|201|41|
40.9|202|41|
41.1|203|41|
41.7|204|41|
42.5|205|41|
43.0|206|41|
43.5|207|41|
44.1|208|41|
44.8|209|41|
45.4|210|41|
45.7|211|41|
46.7|212|41|
47.5|213|41|
47.8|214|41|
49.4|215|41|
50.8|216|41|
51.2|217|41|
51.6|218|41|
67.0|190|42|
66.5|191|42|
66.5|192|42|
66.7|193|42|
68.1|194|42|
69.6|195|42|
70.8|196|42|
72.0|197|42|
73.1|198|42|
74.0|199|42|
74.9|200|42|
76.1|201|42|
76.7|202|42|
77.3|203|42|
77.9|204|42|
78.5|205|42|
79.4|206|42|
80.1|207|42|
80.5|208|42|
80.4|209|42|
81.1|210|42|
81.7|211|42|
82.0|212|42|
82.5|213|42|
82.7|214|42|
83.0|215|42|
83.2|216|42|
83.5|217|42|
83.7|218|42|
67.6|190|43|
67.0|191|43|
66.3|192|43|
65.6|193|43|
65.2|194|43|
65.4|195|43|
66.5|196|43|
66.9|197|43|
67.2|198|43|
67.9|199|43|
68.6|200|43|
69.2|201|43|
69.3|202|43|
70.4|203|43|
71.8|204|43|
73.0|205|43|
75.2|206|43|
76.8|207|43|
77.8|208|43|
78.0|209|43|
77.6|210|43|
77.5|211|43|
76.4|212|43|
76.2|213|43|
76.4|214|43|
76.8|215|43|
77.1|216|43|
77.7|217|43|
77.8|218|43|
73.1|190|44|
73.3|191|44|
73.8|192|44|
77.5|193|44|
77.9|194|44|
78.3|195|44|
78.6|196|44|
78.9|197|44|
79.7|198|44|
79.7|199|44|
79.9|200|44|
80.5|201|44|
81.4|202|44|
82.2|203|44|
82.6|204|44|
83.0|205|44|
83.6|206|44|
84.4|207|44|
85.2|208|44|
85.4|209|44|
85.0|210|44|
85.3|211|44|
85.2|212|44|
85.4|213|44|
85.6|214|44|
86.4|215|44|
86.9|216|44|
87.1|217|44|
87.3|218|44|
73.0|190|45|
72.6|191|45|
72.8|192|45|
73.5|193|45|
74.4|194|45|
75.3|195|45|
76.7|196|45|
77.4|197|45|
77.5|198|45|
78.4|199|45|
79.6|200|45|
80.6|201|45|
81.3|202|45|
82.2|203|45|
82.5|204|45|
83.5|205|45|
84.3|206|45|
85.0|207|45|
85.4|208|45|
85.7|209|45|
86.2|210|45|
86.5|211|45|
86.5|212|45|
87.4|213|45|
87.9|214|45|
88.2|215|45|
88.5|216|45|
88.8|217|45|
89.1|218|45|
79.9|190|46|
80.4|191|46|
80.9|192|46|
81.5|193|46|
82.4|194|46|
83.1|195|46|
83.7|196|46|
84.3|197|46|
84.9|198|46|
86.1|199|46|
86.3|200|46|
87.6|201|46|
88.3|202|46|
89.4|203|46|
89.8|204|46|
90.3|205|46|
90.5|206|46|
90.4|207|46|
90.9|208|46|
90.6|209|46|
91.0|210|46|
92.2|211|46|
92.4|212|46|
92.6|213|46|
92.8|214|46|
92.6|215|46|
92.8|216|46|
92.9|217|46|
93.0|218|46|
35.3|195|47|
35.1|196|47|
35.5|197|47|
35.6|198|47|
36.0|199|47|
36.1|200|47|
37.0|201|47|
37.6|202|47|
38.6|203|47|
39.4|204|47|
40.2|205|47|
41.4|206|47|
42.4|207|47|
43.2|208|47|
43.7|209|47|
44.6|210|47|
45.1|211|47|
45.9|212|47|
46.7|213|47|
47.5|214|47|
48.2|215|47|
48.9|216|47|
49.2|217|47|
49.5|218|47|
69.4|200|48|
69.8|201|48|
69.7|202|48|
70.2|203|48|
70.4|204|48|
70.6|205|48|
71.1|206|48|
71.5|207|48|
72.1|208|48|
72.1|209|48|
73.3|210|48|
73.3|211|48|
73.1|212|48|
73.0|213|48|
73.2|214|48|
72.9|215|48|
72.9|216|48|
72.3|217|48|
72.4|218|48|
59.3|190|49|
59.7|191|49|
60.6|192|49|
61.3|193|49|
61.8|194|49|
62.4|195|49|
63.0|196|49|
63.7|197|49|
64.3|198|49|
64.8|199|49|
65.3|200|49|
65.7|201|49|
66.2|202|49|
66.3|203|49|
66.6|204|49|
67.5|205|49|
68.2|206|49|
68.9|207|49|
69.2|208|49|
69.4|209|49|
70.1|210|49|
70.4|211|49|
70.8|212|49|
71.2|213|49|
72.4|214|49|
73.3|215|49|
73.8|216|49|
74.1|217|49|
74.5|218|49|
64.2|190|50|
64.5|191|50|
64.9|192|50|
65.3|193|50|
65.7|194|50|
66.1|195|50|
66.3|196|50|
66.7|197|50|
67.0|198|50|
66.7|199|50|
66.9|200|50|
67.4|201|50|
67.9|202|50|
68.2|203|50|
68.7|204|50|
69.2|205|50|
69.5|206|50|
70.6|207|50|
71.1|208|50|
71.2|209|50|
71.6|210|50|
74.2|211|50|
74.0|212|50|
75.1|213|50|
75.0|214|50|
75.8|215|50|
75.6|216|50|
75.7|217|50|
75.8|218|50|
54.6|190|51|
55.1|191|51|
55.7|192|51|
56.3|193|51|
56.9|194|51|
57.6|195|51|
58.4|196|51|
59.1|197|51|
59.2|198|51|
60.5|199|51|
61.1|200|51|
61.6|201|51|
62.1|202|51|
62.3|203|51|
62.9|204|51|
63.5|205|51|
64.3|206|51|
65.1|207|51|
65.9|208|51|
66.0|209|51|
66.6|210|51|
66.9|211|51|
67.6|212|51|
68.1|213|51|
68.3|214|51|
69.0|215|51|
69.5|216|51|
69.6|217|51|
70.0|218|51|
52.9|190|52|
53.3|191|52|
54.4|192|52|
55.5|193|52|
56.4|194|52|
57.3|195|52|
58.1|196|52|
59.0|197|52|
59.8|198|52|
60.0|199|52|
60.8|200|52|
61.2|201|52|
61.9|202|52|
62.5|203|52|
63.1|204|52|
63.7|205|52|
64.5|206|52|
64.4|207|52|
64.7|208|52|
64.7|209|52|
65.9|210|52|
65.6|211|52|
66.0|212|52|
66.2|213|52|
66.0|214|52|
66.0|215|52|
66.2|216|52|
66.5|217|52|
66.7|218|52|
52.0|200|53|
52.3|201|53|
53.6|202|53|
53.5|203|53|
54.5|204|53|
56.9|205|53|
57.9|206|53|
58.5|207|53|
58.6|208|53|
58.8|209|53|
58.0|210|53|
58.3|211|53|
58.7|212|53|
58.8|213|53|
59.0|214|53|
59.3|215|53|
59.2|216|53|
59.0|217|53|
58.8|218|53|
42.4|205|54|
42.5|206|54|
42.7|207|54|
42.3|208|54|
43.2|209|54|
43.3|210|54|
43.3|211|54|
42.2|212|54|
42.5|213|54|
43.6|214|54|
43.3|215|54|
43.4|216|54|
43.1|217|54|
43.4|218|54|
73.0|190|55|
72.5|191|55|
71.6|192|55|
70.9|193|55|
71.3|194|55|
72.4|195|55|
73.4|196|55|
74.7|197|55|
75.9|198|55|
76.6|199|55|
78.0|200|55|
79.0|201|55|
79.9|202|55|
80.6|203|55|
81.4|204|55|
82.5|205|55|
83.2|206|55|
83.9|207|55|
84.1|208|55|
83.8|209|55|
84.4|210|55|
85.3|211|55|
85.9|212|55|
86.3|213|55|
86.5|214|55|
87.1|215|55|
87.5|216|55|
87.9|217|55|
88.2|218|55|
54.5|190|56|
54.6|191|56|
54.3|192|56|
53.8|193|56|
53.1|194|56|
52.6|195|56|
51.9|196|56|
50.7|197|56|
49.3|198|56|
48.3|199|56|
46.8|200|56|
45.7|201|56|
44.5|202|56|
44.0|203|56|
44.8|204|56|
45.9|205|56|
47.2|206|56|
48.2|207|56|
49.1|208|56|
50.1|209|56|
51.3|210|56|
52.8|211|56|
54.2|212|56|
55.8|213|56|
57.3|214|56|
58.5|215|56|
59.6|216|56|
60.3|217|56|
60.8|218|56|
28.3|200|57|
29.8|201|57|
30.6|202|57|
31.0|203|57|
32.5|204|57|
34.6|205|57|
36.2|206|57|
37.7|207|57|
39.4|208|57|
40.2|209|57|
41.2|210|57|
42.3|211|57|
42.9|212|57|
43.9|213|57|
44.6|214|57|
45.3|215|57|
46.0|216|57|
46.7|217|57|
47.0|218|57|
64.0|190|58|
64.5|191|58|
65.1|192|58|
65.5|193|58|
66.0|194|58|
66.6|195|58|
66.8|196|58|
66.7|197|58|
66.7|198|58|
67.2|199|58|
67.5|200|58|
67.5|201|58|
67.8|202|58|
67.9|203|58|
68.5|204|58|
68.7|205|58|
68.7|206|58|
69.1|207|58|
69.1|208|58|
69.4|209|58|
69.4|210|58|
69.8|211|58|
70.2|212|58|
70.7|213|58|
71.2|214|58|
71.8|215|58|
71.8|216|58|
72.1|217|58|
72.4|218|58|
78.4|190|59|
78.7|191|59|
79.5|192|59|
79.9|193|59|
80.9|194|59|
81.6|195|59|
82.3|196|59|
83.2|197|59|
84.0|198|59|
84.8|199|59|
85.8|200|59|
86.4|201|59|
86.7|202|59|
87.0|203|59|
89.1|204|59|
89.5|205|59|
89.9|206|59|
90.1|207|59|
90.4|208|59|
89.9|209|59|
90.3|210|59|
90.7|211|59|
90.8|212|59|
91.6|213|59|
91.8|214|59|
91.9|215|59|
92.2|216|59|
92.4|217|59|
92.5|218|59|
78.0|190|60|
79.0|191|60|
79.8|192|60|
80.4|193|60|
81.8|194|60|
82.5|195|60|
83.0|196|60|
83.4|197|60|
83.9|198|60|
84.4|199|60|
84.2|200|60|
84.5|201|60|
84.5|202|60|
84.8|203|60|
85.2|204|60|
86.0|205|60|
86.5|206|60|
86.7|207|60|
86.9|208|60|
86.9|209|60|
87.2|210|60|
87.6|211|60|
87.8|212|60|
88.2|213|60|
88.7|214|60|
88.8|215|60|
88.7|216|60|
89.0|217|60|
89.1|218|60|
61.9|190|61|
62.3|191|61|
62.3|192|61|
62.5|193|61|
62.8|194|61|
63.0|195|61|
63.2|196|61|
63.3|197|61|
63.6|198|61|
63.1|199|61|
62.7|200|61|
63.0|201|61|
63.2|202|61|
63.3|203|61|
63.2|204|61|
63.8|205|61|
63.8|206|61|
64.3|207|61|
64.5|208|61|
65.3|209|61|
65.8|210|61|
66.3|211|61|
67.2|212|61|
67.9|213|61|
68.8|214|61|
69.2|215|61|
69.6|216|61|
70.0|217|61|
70.2|218|61|
32.8|190|62|
33.5|191|62|
33.9|192|62|
34.3|193|62|
34.6|194|62|
35.0|195|62|
35.6|196|62|
36.2|197|62|
36.8|198|62|
37.6|199|62|
38.2|200|62|
38.9|201|62|
39.2|202|62|
40.0|203|62|
40.9|204|62|
41.3|205|62|
41.8|206|62|
42.4|207|62|
43.1|208|62|
43.4|209|62|
43.7|210|62|
43.5|211|62|
44.1|212|62|
44.8|213|62|
44.9|214|62|
45.4|215|62|
45.6|216|62|
45.9|217|62|
46.6|218|62|
66.9|200|63|
67.3|201|63|
67.8|202|63|
68.8|203|63|
69.5|204|63|
70.5|205|63|
71.2|206|63|
72.4|207|63|
72.3|208|63|
72.7|209|63|
73.2|210|63|
73.8|211|63|
74.9|212|63|
75.6|213|63|
76.4|214|63|
77.1|215|63|
77.6|216|63|
78.3|217|63|
78.6|218|63|
80.1|190|64|
80.9|191|64|
81.4|192|64|
82.4|193|64|
82.9|194|64|
83.4|195|64|
83.9|196|64|
84.4|197|64|
85.3|198|64|
86.1|199|64|
86.9|200|64|
87.6|201|64|
88.3|202|64|
88.9|203|64|
89.9|204|64|
90.0|205|64|
91.0|206|64|
91.4|207|64|
91.6|208|64|
91.6|209|64|
92.0|210|64|
92.5|211|64|
92.7|212|64|
92.7|213|64|
93.0|214|64|
93.3|215|64|
93.6|216|64|
93.8|217|64|
93.9|218|64|
45.4|190|65|
45.9|191|65|
46.3|192|65|
46.7|193|65|
46.9|194|65|
47.2|195|65|
47.3|196|65|
47.5|197|65|
47.6|198|65|
47.8|199|65|
48.3|200|65|
48.2|201|65|
48.7|202|65|
48.9|203|65|
49.7|204|65|
50.8|205|65|
51.8|206|65|
52.9|207|65|
54.2|208|65|
54.7|209|65|
55.4|210|65|
56.3|211|65|
57.0|212|65|
57.8|213|65|
57.7|214|65|
58.5|215|65|
58.7|216|65|
59.1|217|65|
59.6|218|65|
75.3|190|66|
76.3|191|66|
76.4|192|66|
76.2|193|66|
76.6|194|66|
76.8|195|66|
77.2|196|66|
77.7|197|66|
78.7|198|66|
78.9|199|66|
79.6|200|66|
80.6|201|66|
81.8|202|66|
82.5|203|66|
83.5|204|66|
84.5|205|66|
85.1|206|66|
84.9|207|66|
85.7|208|66|
85.9|209|66|
85.7|210|66|
85.3|211|66|
85.6|212|66|
85.8|213|66|
86.6|214|66|
86.8|215|66|
86.6|216|66|
87.1|217|66|
87.2|218|66|
71.1|202|67|
71.9|203|67|
72.1|204|67|
73.4|205|67|
73.5|206|67|
74.0|207|67|
74.3|208|67|
74.0|209|67|
74.3|210|67|
74.6|211|67|
74.7|212|67|
75.0|213|67|
75.2|214|67|
75.6|215|67|
76.0|216|67|
76.0|217|67|
76.3|218|67|
47.7|190|68|
48.4|191|68|
48.9|192|68|
49.5|193|68|
50.0|194|68|
50.7|195|68|
51.5|196|68|
52.3|197|68|
53.1|198|68|
53.9|199|68|
54.6|200|68|
55.3|201|68|
56.0|202|68|
56.4|203|68|
56.7|204|68|
57.1|205|68|
57.9|206|68|
58.8|207|68|
59.4|208|68|
59.7|209|68|
60.2|210|68|
60.7|211|68|
61.3|212|68|
61.6|213|68|
64.3|214|68|
64.7|215|68|
64.8|216|68|
64.9|217|68|
65.1|218|68|
27.8|190|69|
28.3|191|69|
28.8|192|69|
29.3|193|69|
29.7|194|69|
30.2|195|69|
30.6|196|69|
31.4|197|69|
32.1|198|69|
32.8|199|69|
33.5|200|69|
34.1|201|69|
35.1|202|69|
33.8|203|69|
36.3|204|69|
37.3|205|69|
38.4|206|69|
39.3|207|69|
40.0|208|69|
40.0|209|69|
40.8|210|69|
42.1|211|69|
43.1|212|69|
43.9|213|69|
44.6|214|69|
44.9|215|69|
45.6|216|69|
46.3|217|69|
46.6|218|69|
39.3|205|70|
40.1|206|70|
40.7|207|70|
41.3|208|70|
41.9|209|70|
42.6|210|70|
43.5|211|70|
43.7|212|70|
44.1|213|70|
45.0|214|70|
45.3|215|70|
45.7|216|70|
46.0|217|70|
46.1|218|70|
53.7|190|71|
53.3|191|71|
54.8|192|71|
56.1|193|71|
57.1|194|71|
57.8|195|71|
58.9|196|71|
59.4|197|71|
59.7|198|71|
60.1|199|71|
60.6|200|71|
60.9|201|71|
61.2|202|71|
60.9|203|71|
61.4|204|71|
61.9|205|71|
62.4|206|71|
62.7|207|71|
63.0|208|71|
63.3|209|71|
63.9|210|71|
64.8|211|71|
65.2|212|71|
65.6|213|71|
66.0|214|71|
66.3|215|71|
66.6|216|71|
66.8|217|71|
67.0|218|71|
41.2|190|72|
41.6|191|72|
41.6|192|72|
41.6|193|72|
41.3|194|72|
42.1|195|72|
42.6|196|72|
43.0|197|72|
43.3|198|72|
43.7|199|72|
44.0|200|72|
44.2|201|72|
44.4|202|72|
44.7|203|72|
44.8|204|72|
45.1|205|72|
45.6|206|72|
46.0|207|72|
46.3|208|72|
46.8|209|72|
46.7|210|72|
47.4|211|72|
47.8|212|72|
48.3|213|72|
48.8|214|72|
49.2|215|72|
49.7|216|72|
50.1|217|72|
50.3|218|72|
50.8|190|74|
50.7|191|74|
51.3|192|74|
51.9|193|74|
52.3|194|74|
52.9|195|74|
53.4|196|74|
54.0|197|74|
54.5|198|74|
54.8|199|74|
55.5|200|74|
55.9|201|74|
56.4|202|74|
56.9|203|74|
57.5|204|74|
58.1|205|74|
58.7|206|74|
59.5|207|74|
59.1|208|74|
59.3|209|74|
59.8|210|74|
60.1|211|74|
60.0|212|74|
60.3|213|74|
60.6|214|74|
61.3|215|74|
61.8|216|74|
62.1|217|74|
62.3|218|74|
70.4|190|75|
70.2|191|75|
70.6|192|75|
72.0|193|75|
73.3|194|75|
74.1|195|75|
74.6|196|75|
74.7|197|75|
75.4|198|75|
76.1|199|75|
76.9|200|75|
77.7|201|75|
78.4|202|75|
79.3|203|75|
79.5|204|75|
80.2|205|75|
81.1|206|75|
81.4|207|75|
81.8|208|75|
82.3|209|75|
82.6|210|75|
82.3|211|75|
82.6|212|75|
83.5|213|75|
83.3|214|75|
83.5|215|75|
83.8|216|75|
84.1|217|75|
84.5|218|75|
80.4|190|76|
81.7|191|76|
82.0|192|76|
82.1|193|76|
82.6|194|76|
82.9|195|76|
83.4|196|76|
84.1|197|76|
85.1|198|76|
85.5|199|76|
86.1|200|76|
86.7|201|76|
87.6|202|76|
88.2|203|76|
88.6|204|76|
89.1|205|76|
89.3|206|76|
89.9|207|76|
89.2|208|76|
89.1|209|76|
89.2|210|76|
90.1|211|76|
90.8|212|76|
92.0|213|76|
92.4|214|76|
92.7|215|76|
93.2|216|76|
93.5|217|76|
93.8|218|76|
43.1|190|77|
43.6|191|77|
44.2|192|77|
44.9|193|77|
45.6|194|77|
46.3|195|77|
47.1|196|77|
47.7|197|77|
48.4|198|77|
49.2|199|77|
49.7|200|77|
50.2|201|77|
50.8|202|77|
52.1|203|77|
53.0|204|77|
53.9|205|77|
54.8|206|77|
55.8|207|77|
56.5|208|77|
57.1|209|77|
58.1|210|77|
59.0|211|77|
60.0|212|77|
60.7|213|77|
61.8|214|77|
62.7|215|77|
63.7|216|77|
64.3|217|77|
64.7|218|77|
52.5|190|78|
53.0|191|78|
53.5|192|78|
54.1|193|78|
55.1|194|78|
56.0|195|78|
57.4|196|78|
58.7|197|78|
58.7|198|78|
59.5|199|78|
60.4|200|78|
61.0|201|78|
61.6|202|78|
62.3|203|78|
62.9|204|78|
63.3|205|78|
64.3|206|78|
64.4|207|78|
64.8|208|78|
65.9|209|78|
66.6|210|78|
67.4|211|78|
68.2|212|78|
68.8|213|78|
69.1|214|78|
69.6|215|78|
70.0|216|78|
70.4|217|78|
70.7|218|78|
57.7|190|79|
59.4|191|79|
60.8|192|79|
61.9|193|79|
62.9|194|79|
64.0|195|79|
64.7|196|79|
65.3|197|79|
65.9|198|79|
66.4|199|79|
67.1|200|79|
67.8|201|79|
68.3|202|79|
69.0|203|79|
69.1|204|79|
69.6|205|79|
73.2|206|79|
73.6|207|79|
74.1|208|79|
74.7|209|79|
75.6|210|79|
76.7|211|79|
78.2|212|79|
78.5|213|79|
78.8|214|79|
78.9|215|79|
79.9|216|79|
79.9|217|79|
79.7|218|79|
57.4|190|80|
53.2|191|80|
54.8|192|80|
56.3|193|80|
56.6|194|80|
56.9|195|80|
57.5|196|80|
58.3|197|80|
59.7|198|80|
60.4|199|80|
60.8|200|80|
61.5|201|80|
61.6|202|80|
60.4|203|80|
62.8|204|80|
63.2|205|80|
63.7|206|80|
63.9|207|80|
64.6|208|80|
64.8|209|80|
65.2|210|80|
65.8|211|80|
66.2|212|80|
66.2|213|80|
66.2|214|80|
66.5|215|80|
67.2|216|80|
68.4|217|80|
68.9|218|80|
76.4|190|81|
76.7|191|81|
77.2|192|81|
78.1|193|81|
78.9|194|81|
79.5|195|81|
80.1|196|81|
80.9|197|81|
84.1|198|81|
84.9|199|81|
85.7|200|81|
86.3|201|81|
87.1|202|81|
87.9|203|81|
88.8|204|81|
89.3|205|81|
89.5|206|81|
89.9|207|81|
90.0|208|81|
89.6|209|81|
89.0|210|81|
89.4|211|81|
89.9|212|81|
90.8|213|81|
92.0|214|81|
92.6|215|81|
93.6|216|81|
93.9|217|81|
94.2|218|81|
79.2|190|82|
80.0|191|82|
80.7|192|82|
81.3|193|82|
81.8|194|82|
82.4|195|82|
82.8|196|82|
83.6|197|82|
84.3|198|82|
85.0|199|82|
85.3|200|82|
85.7|201|82|
86.5|202|82|
86.5|203|82|
86.7|204|82|
87.1|205|82|
87.2|206|82|
88.1|207|82|
88.0|208|82|
88.2|209|82|
88.7|210|82|
89.2|211|82|
89.3|212|82|
89.5|213|82|
90.0|214|82|
90.1|215|82|
90.2|216|82|
90.4|217|82|
90.6|218|82|
76.9|190|83|
77.4|191|83|
78.0|192|83|
78.6|193|83|
79.4|194|83|
80.0|195|83|
80.6|196|83|
81.4|197|83|
81.9|198|83|
82.4|199|83|
83.0|200|83|
83.7|201|83|
84.2|202|83|
84.7|203|83|
85.2|204|83|
85.7|205|83|
86.2|206|83|
86.6|207|83|
86.8|208|83|
86.8|209|83|
87.1|210|83|
87.5|211|83|
87.4|212|83|
87.3|213|83|
87.4|214|83|
87.5|215|83|
87.8|216|83|
88.1|217|83|
88.3|218|83|
64.1|190|84|
64.6|191|84|
65.0|192|84|
66.0|193|84|
66.2|194|84|
66.5|195|84|
66.8|196|84|
66.9|197|84|
67.0|198|84|
67.2|199|84|
66.9|200|84|
68.0|201|84|
68.3|202|84|
67.8|203|84|
69.5|204|84|
69.8|205|84|
70.2|206|84|
71.0|207|84|
72.8|208|84|
72.4|209|84|
72.3|210|84|
72.3|211|84|
72.2|212|84|
72.0|213|84|
72.0|214|84|
72.2|215|84|
72.2|216|84|
72.5|217|84|
72.6|218|84|
81.6|190|85|
82.1|191|85|
82.4|192|85|
82.9|193|85|
83.5|194|85|
84.0|195|85|
84.5|196|85|
84.8|197|85|
84.7|198|85|
85.0|199|85|
85.5|200|85|
85.9|201|85|
86.2|202|85|
86.5|203|85|
86.9|204|85|
87.3|205|85|
87.7|206|85|
88.0|207|85|
88.1|208|85|
88.0|209|85|
88.5|210|85|
89.0|211|85|
89.5|212|85|
90.0|213|85|
90.4|214|85|
90.6|215|85|
91.0|216|85|
91.3|217|85|
91.5|218|85|
61.6|190|86|
62.7|191|86|
64.8|192|86|
65.9|193|86|
66.9|194|86|
68.3|195|86|
68.5|196|86|
68.9|197|86|
69.3|198|86|
69.6|199|86|
70.2|200|86|
70.8|201|86|
70.6|202|86|
71.1|203|86|
71.7|204|86|
72.9|205|86|
73.2|206|86|
73.5|207|86|
73.6|208|86|
73.4|209|86|
72.8|210|86|
72.5|211|86|
72.6|212|86|
72.0|213|86|
72.0|214|86|
72.1|215|86|
72.2|216|86|
72.2|217|86|
72.3|218|86|
69.0|190|87|
68.4|191|87|
68.1|192|87|
67.5|193|87|
66.7|194|87|
66.4|195|87|
66.6|196|87|
66.9|197|87|
67.2|198|87|
67.6|199|87|
68.5|200|87|
70.0|201|87|
71.3|202|87|
72.5|203|87|
73.7|204|87|
74.7|205|87|
75.4|206|87|
75.8|207|87|
75.8|208|87|
76.2|209|87|
76.4|210|87|
77.2|211|87|
78.2|212|87|
79.1|213|87|
79.8|214|87|
80.6|215|87|
80.8|216|87|
81.3|217|87|
81.7|218|87|
46.7|190|88|
46.5|191|88|
46.1|192|88|
45.6|193|88|
45.4|194|88|
45.3|195|88|
45.2|196|88|
44.9|197|88|
44.8|198|88|
44.7|199|88|
44.6|200|88|
45.0|201|88|
45.0|202|88|
46.2|203|88|
47.5|204|88|
48.4|205|88|
49.9|206|88|
50.7|207|88|
51.5|208|88|
52.4|209|88|
53.3|210|88|
54.0|211|88|
54.5|212|88|
55.1|213|88|
55.6|214|88|
56.2|215|88|
56.8|216|88|
57.4|217|88|
57.9|218|88|
56.4|200|89|
58.2|201|89|
58.0|202|89|
58.6|203|89|
58.5|204|89|
58.5|205|89|
58.2|206|89|
58.3|207|89|
58.6|208|89|
58.5|209|89|
58.9|210|89|
58.7|211|89|
59.6|212|89|
60.5|213|89|
61.3|214|89|
61.9|215|89|
62.2|216|89|
62.3|217|89|
62.3|218|89|
71.2|190|90|
67.3|191|90|
66.6|192|90|
69.5|193|90|
72.2|194|90|
74.8|195|90|
77.2|196|90|
77.5|197|90|
78.1|198|90|
78.6|199|90|
78.6|200|90|
78.5|201|90|
78.8|202|90|
79.1|203|90|
78.9|204|90|
78.3|205|90|
78.8|206|90|
78.9|207|90|
79.0|208|90|
79.2|209|90|
79.4|210|90|
79.6|211|90|
80.0|212|90|
79.8|213|90|
80.0|214|90|
80.7|215|90|
80.9|216|90|
80.9|217|90|
80.8|218|90|
61.8|190|91|
61.1|191|91|
60.1|192|91|
58.8|193|91|
56.9|194|91|
56.3|195|91|
56.8|196|91|
57.6|197|91|
58.0|198|91|
58.7|199|91|
59.4|200|91|
60.2|201|91|
60.4|202|91|
61.1|203|91|
61.5|204|91|
61.6|205|91|
62.1|206|91|
62.8|207|91|
63.1|208|91|
63.5|209|91|
63.6|210|91|
63.9|211|91|
64.9|212|91|
65.8|213|91|
66.3|214|91|
66.6|215|91|
66.9|216|91|
67.1|217|91|
67.4|218|91|
39.9|190|92|
40.4|191|92|
41.0|192|92|
41.5|193|92|
42.5|194|92|
42.7|195|92|
44.0|196|92|
44.7|197|92|
45.4|198|92|
46.2|199|92|
46.6|200|92|
47.1|201|92|
48.0|202|92|
48.8|203|92|
49.6|204|92|
50.5|205|92|
51.1|206|92|
52.1|207|92|
52.8|208|92|
53.9|209|92|
54.6|210|92|
55.8|211|92|
56.9|212|92|
57.9|213|92|
58.6|214|92|
59.4|215|92|
59.8|216|92|
60.2|217|92|
60.4|218|92|
69.8|190|93|
69.3|191|93|
67.1|192|93|
66.1|193|93|
66.1|194|93|
67.3|195|93|
68.0|196|93|
69.2|197|93|
70.5|198|93|
71.6|199|93|
72.8|200|93|
74.5|201|93|
76.0|202|93|
77.4|203|93|
78.8|204|93|
80.2|205|93|
80.9|206|93|
81.8|207|93|
82.1|208|93|
81.9|209|93|
81.7|210|93|
82.2|211|93|
82.5|212|93|
83.4|213|93|
83.6|214|93|
84.2|215|93|
84.5|216|93|
84.9|217|93|
85.4|218|93|
72.4|205|94|
72.3|206|94|
73.6|207|94|
74.2|208|94|
74.9|209|94|
75.1|210|94|
75.3|211|94|
74.4|212|94|
74.1|213|94|
73.2|214|94|
72.8|215|94|
72.5|216|94|
73.2|217|94|
73.0|218|94|
48.8|190|95|
48.7|191|95|
48.5|192|95|
47.8|193|95|
47.9|194|95|
47.5|195|95|
47.0|196|95|
46.3|197|95|
45.3|198|95|
44.5|199|95|
44.4|200|95|
44.5|201|95|
44.0|202|95|
43.8|203|95|
43.3|204|95|
43.0|205|95|
43.1|206|95|
44.1|207|95|
44.6|208|95|
45.5|209|95|
46.1|210|95|
47.0|211|95|
48.0|212|95|
48.6|213|95|
49.3|214|95|
49.9|215|95|
50.7|216|95|
51.4|217|95|
51.8|218|95|
36.1|199|96|
42.2|200|96|
42.1|201|96|
42.3|202|96|
40.2|203|96|
41.2|204|96|
41.7|205|96|
42.4|206|96|
43.1|207|96|
43.6|208|96|
43.8|209|96|
44.1|210|96|
45.7|211|96|
45.5|212|96|
46.3|213|96|
46.4|214|96|
46.3|215|96|
46.3|216|96|
46.6|217|96|
46.5|218|96|
67.6|190|97|
68.8|191|97|
69.2|192|97|
69.5|193|97|
70.0|194|97|
70.4|195|97|
70.9|196|97|
71.6|197|97|
71.9|198|97|
72.3|199|97|
72.8|200|97|
73.3|201|97|
73.7|202|97|
74.5|203|97|
74.5|204|97|
74.9|205|97|
75.3|206|97|
75.4|207|97|
75.9|208|97|
75.7|209|97|
75.7|210|97|
70.8|211|97|
74.2|212|97|
70.7|213|97|
69.3|214|97|
69.1|215|97|
69.0|216|97|
70.4|217|97|
70.8|218|97|
86.2|200|98|
86.8|201|98|
87.3|202|98|
87.8|203|98|
88.3|204|98|
88.6|205|98|
89.0|206|98|
89.3|207|98|
89.9|208|98|
89.9|209|98|
90.4|210|98|
90.9|211|98|
91.0|212|98|
91.2|213|98|
91.1|214|98|
91.2|215|98|
91.5|216|98|
91.6|217|98|
91.7|218|98|
73.2|190|99|
72.8|191|99|
71.3|192|99|
70.1|193|99|
69.7|194|99|
70.3|195|99|
71.2|196|99|
72.4|197|99|
73.6|198|99|
74.4|199|99|
75.5|200|99|
76.7|201|99|
77.8|202|99|
79.0|203|99|
79.8|204|99|
81.0|205|99|
81.9|206|99|
82.6|207|99|
83.1|208|99|
82.1|209|99|
82.4|210|99|
83.1|211|99|
83.5|212|99|
84.0|213|99|
85.2|214|99|
85.5|215|99|
86.0|216|99|
86.6|217|99|
86.9|218|99|
79.1|190|100|
79.8|191|100|
80.3|192|100|
80.8|193|100|
81.2|194|100|
81.7|195|100|
82.6|196|100|
83.5|197|100|
84.3|198|100|
85.6|199|100|
86.0|200|100|
86.5|201|100|
86.9|202|100|
87.0|203|100|
87.6|204|100|
88.0|205|100|
88.4|206|100|
88.8|207|100|
89.0|208|100|
88.5|209|100|
89.3|210|100|
89.2|211|100|
89.2|212|100|
89.2|213|100|
89.5|214|100|
89.9|215|100|
90.4|216|100|
90.8|217|100|
90.9|218|100|
45.6|200|101|
46.2|201|101|
45.7|202|101|
46.6|203|101|
47.2|204|101|
47.9|205|101|
48.4|206|101|
49.1|207|101|
50.0|208|101|
50.3|209|101|
50.4|210|101|
50.4|211|101|
50.7|212|101|
50.9|213|101|
51.2|214|101|
51.4|215|101|
51.5|216|101|
51.8|217|101|
52.1|218|101|
30.3|190|102|
31.0|191|102|
31.9|192|102|
32.7|193|102|
32.3|194|102|
36.3|195|102|
36.6|196|102|
36.7|197|102|
36.8|198|102|
36.8|199|102|
36.2|200|102|
36.2|201|102|
36.3|202|102|
36.7|203|102|
36.8|204|102|
37.3|205|102|
38.3|206|102|
39.4|207|102|
41.1|208|102|
42.6|209|102|
43.7|210|102|
44.7|211|102|
45.2|212|102|
46.3|213|102|
47.2|214|102|
47.5|215|102|
47.8|216|102|
48.2|217|102|
48.5|218|102|
64.4|190|103|
65.2|191|103|
66.1|192|103|
66.8|193|103|
67.6|194|103|
68.3|195|103|
69.5|196|103|
70.6|197|103|
70.9|198|103|
71.5|199|103|
72.4|200|103|
72.2|201|103|
72.4|202|103|
73.1|203|103|
73.4|204|103|
73.2|205|103|
73.8|206|103|
75.1|207|103|
76.2|208|103|
76.6|209|103|
77.3|210|103|
77.9|211|103|
78.2|212|103|
78.7|213|103|
79.2|214|103|
79.7|215|103|
80.1|216|103|
80.2|217|103|
80.4|218|103|
54.6|195|104|
55.9|196|104|
57.3|197|104|
58.7|198|104|
60.1|199|104|
61.0|200|104|
61.6|201|104|
61.9|202|104|
63.3|203|104|
63.8|204|104|
63.2|205|104|
64.7|206|104|
64.7|207|104|
65.7|208|104|
65.8|209|104|
66.9|210|104|
68.1|211|104|
68.8|212|104|
69.3|213|104|
70.2|214|104|
70.9|215|104|
71.3|216|104|
71.6|217|104|
71.9|218|104|
23.1|190|105|
23.8|191|105|
24.3|192|105|
25.0|193|105|
25.6|194|105|
26.2|195|105|
27.1|196|105|
28.1|197|105|
29.1|198|105|
30.2|199|105|
30.8|200|105|
32.1|201|105|
33.0|202|105|
34.3|203|105|
35.2|204|105|
36.3|205|105|
37.2|206|105|
36.7|207|105|
39.0|208|105|
39.8|209|105|
40.3|210|105|
40.8|211|105|
40.8|212|105|
40.8|213|105|
41.4|214|105|
41.2|215|105|
42.0|216|105|
42.6|217|105|
42.7|218|105|
74.4|190|106|
74.9|191|106|
75.3|192|106|
75.7|193|106|
76.0|194|106|
76.4|195|106|
76.7|196|106|
77.2|197|106|
78.0|198|106|
78.5|199|106|
78.7|200|106|
79.3|201|106|
79.7|202|106|
80.4|203|106|
81.3|204|106|
82.8|205|106|
82.6|206|106|
83.1|207|106|
83.3|208|106|
83.5|209|106|
84.7|210|106|
84.8|211|106|
85.4|212|106|
86.1|213|106|
86.8|214|106|
87.7|215|106|
88.1|216|106|
88.3|217|106|
88.5|218|106|
69.6|217|107|
69.8|218|107|
37.8|190|108|
38.3|191|108|
39.1|192|108|
40.3|193|108|
41.5|194|108|
42.2|195|108|
43.1|196|108|
43.0|197|108|
43.8|198|108|
44.5|199|108|
44.6|200|108|
44.6|201|108|
45.1|202|108|
45.5|203|108|
46.5|204|108|
47.0|205|108|
47.9|206|108|
47.9|207|108|
48.0|208|108|
48.7|209|108|
49.0|210|108|
49.4|211|108|
50.3|212|108|
51.1|213|108|
51.8|214|108|
52.1|215|108|
51.9|216|108|
52.4|217|108|
52.7|218|108|
62.0|190|109|
62.7|191|109|
63.4|192|109|
63.9|193|109|
64.4|194|109|
64.9|195|109|
65.3|196|109|
65.7|197|109|
66.3|198|109|
66.8|199|109|
67.4|200|109|
68.3|201|109|
68.8|202|109|
69.7|203|109|
70.5|204|109|
71.3|205|109|
72.0|206|109|
72.8|207|109|
73.4|208|109|
74.2|209|109|
74.8|210|109|
75.6|211|109|
76.8|212|109|
77.5|213|109|
78.6|214|109|
78.6|215|109|
79.0|216|109|
79.3|217|109|
79.6|218|109|
65.2|190|110|
65.5|191|110|
66.0|192|110|
66.4|193|110|
67.0|194|110|
67.2|195|110|
67.9|196|110|
68.5|197|110|
69.3|198|110|
69.8|199|110|
70.5|200|110|
70.8|201|110|
71.4|202|110|
72.0|203|110|
72.6|204|110|
72.9|205|110|
73.7|206|110|
73.8|207|110|
74.0|208|110|
73.9|209|110|
73.9|210|110|
74.6|211|110|
75.2|212|110|
75.0|213|110|
75.4|214|110|
75.9|215|110|
76.4|216|110|
76.5|217|110|
76.7|218|110|
54.1|200|111|
54.7|201|111|
55.3|202|111|
56.0|203|111|
56.4|204|111|
57.2|205|111|
57.8|206|111|
58.3|207|111|
58.7|208|111|
59.0|209|111|
59.5|210|111|
59.8|211|111|
59.9|212|111|
59.9|213|111|
59.8|214|111|
60.6|215|111|
60.8|216|111|
61.2|217|111|
61.4|218|111|
65.3|190|112|
64.2|191|112|
62.2|192|112|
62.0|193|112|
59.8|194|112|
60.5|195|112|
60.2|196|112|
60.4|197|112|
60.4|198|112|
60.7|199|112|
60.9|200|112|
61.8|201|112|
62.8|202|112|
64.1|203|112|
65.1|204|112|
65.8|205|112|
66.7|206|112|
67.2|207|112|
67.7|208|112|
67.3|209|112|
68.1|210|112|
68.7|211|112|
69.3|212|112|
70.2|213|112|
70.5|214|112|
70.3|215|112|
70.5|216|112|
70.9|217|112|
71.1|218|112|
58.3|190|114|
57.5|191|114|
56.1|192|114|
54.7|193|114|
54.9|194|114|
55.3|195|114|
56.0|196|114|
56.6|197|114|
57.4|198|114|
58.1|199|114|
58.9|200|114|
60.0|201|114|
60.9|202|114|
62.2|203|114|
63.6|204|114|
64.9|205|114|
66.0|206|114|
67.1|207|114|
68.2|208|114|
68.8|209|114|
69.7|210|114|
71.1|211|114|
71.9|212|114|
72.8|213|114|
73.3|214|114|
73.6|215|114|
73.0|216|114|
72.9|217|114|
73.5|218|114|
74.1|203|115|
74.8|204|115|
75.3|205|115|
76.4|206|115|
77.5|207|115|
78.5|208|115|
78.7|209|115|
79.3|210|115|
79.7|211|115|
79.8|212|115|
80.1|213|115|
80.3|214|115|
80.7|215|115|
80.9|216|115|
81.3|217|115|
81.6|218|115|
45.8|190|116|
46.4|191|116|
46.8|192|116|
47.4|193|116|
48.5|194|116|
48.9|195|116|
49.9|196|116|
50.3|197|116|
51.1|198|116|
52.0|199|116|
53.1|200|116|
54.2|201|116|
55.3|202|116|
56.4|203|116|
57.3|204|116|
58.1|205|116|
58.8|206|116|
59.6|207|116|
60.3|208|116|
60.9|209|116|
61.8|210|116|
62.7|211|116|
63.6|212|116|
64.6|213|116|
65.3|214|116|
66.0|215|116|
66.9|216|116|
67.5|217|116|
67.6|218|116|
21.7|190|117|
22.0|191|117|
21.5|192|117|
22.1|193|117|
22.8|194|117|
23.5|195|117|
25.8|196|117|
27.1|197|117|
28.3|198|117|
29.4|199|117|
30.1|200|117|
31.4|201|117|
32.0|202|117|
33.4|203|117|
34.3|204|117|
35.4|205|117|
36.1|206|117|
37.2|207|117|
38.1|208|117|
38.9|209|117|
39.6|210|117|
39.1|211|117|
39.8|212|117|
41.2|213|117|
42.0|214|117|
42.8|215|117|
43.5|216|117|
44.2|217|117|
44.6|218|117|
35.0|190|118|
35.7|191|118|
37.1|192|118|
37.7|193|118|
38.4|194|118|
38.8|195|118|
39.4|196|118|
40.0|197|118|
40.5|198|118|
41.4|199|118|
42.4|200|118|
43.2|201|118|
44.1|202|118|
45.1|203|118|
46.0|204|118|
47.0|205|118|
47.9|206|118|
49.0|207|118|
50.1|208|118|
51.2|209|118|
52.3|210|118|
53.4|211|118|
54.1|212|118|
55.1|213|118|
55.8|214|118|
56.5|215|118|
57.1|216|118|
57.7|217|118|
58.4|218|118|
57.9|190|119|
58.2|191|119|
58.6|192|119|
58.6|193|119|
58.6|194|119|
58.1|195|119|
57.1|196|119|
56.3|197|119|
55.6|198|119|
54.6|199|119|
54.3|200|119|
54.2|201|119|
54.0|202|119|
54.2|203|119|
54.4|204|119|
54.4|205|119|
55.0|206|119|
55.8|207|119|
56.6|208|119|
57.5|209|119|
58.8|210|119|
60.1|211|119|
61.2|212|119|
62.2|213|119|
63.1|214|119|
63.7|215|119|
63.9|216|119|
64.3|217|119|
64.5|218|119|
38.0|190|121|
38.8|191|121|
39.5|192|121|
40.0|193|121|
40.7|194|121|
41.1|195|121|
42.1|196|121|
42.7|197|121|
43.2|198|121|
43.9|199|121|
44.6|200|121|
44.6|201|121|
45.6|202|121|
46.1|203|121|
46.8|204|121|
47.4|205|121|
48.4|206|121|
49.0|207|121|
50.0|208|121|
51.3|209|121|
52.7|210|121|
53.4|211|121|
54.8|212|121|
55.5|213|121|
56.2|214|121|
56.8|215|121|
57.2|216|121|
57.4|217|121|
57.9|218|121|
83.0|190|122|
83.4|191|122|
83.5|192|122|
84.0|193|122|
86.4|194|122|
86.2|195|122|
86.6|196|122|
86.6|197|122|
86.8|198|122|
87.1|199|122|
87.6|200|122|
88.0|201|122|
87.9|202|122|
88.3|203|122|
88.6|204|122|
89.1|205|122|
89.7|206|122|
90.4|207|122|
90.6|208|122|
90.6|209|122|
91.1|210|122|
92.2|211|122|
92.1|212|122|
92.4|213|122|
92.5|214|122|
92.7|215|122|
92.9|216|122|
93.2|217|122|
93.4|218|122|
82.0|190|123|
82.1|191|123|
82.6|192|123|
83.8|193|123|
84.7|194|123|
85.3|195|123|
85.6|196|123|
86.1|197|123|
86.4|198|123|
86.5|199|123|
87.0|200|123|
87.4|201|123|
88.2|202|123|
88.5|203|123|
88.7|204|123|
88.9|205|123|
89.2|206|123|
89.4|207|123|
89.5|208|123|
89.8|209|123|
89.9|210|123|
90.2|211|123|
90.5|212|123|
90.7|213|123|
91.0|214|123|
91.4|215|123|
91.7|216|123|
92.0|217|123|
92.1|218|123|
49.4|190|124|
49.1|191|124|
49.3|192|124|
49.9|193|124|
51.3|194|124|
52.3|195|124|
53.3|196|124|
54.2|197|124|
55.1|198|124|
56.0|199|124|
56.8|200|124|
57.5|201|124|
58.1|202|124|
58.4|203|124|
58.9|204|124|
59.3|205|124|
59.6|206|124|
60.2|207|124|
60.7|208|124|
60.8|209|124|
61.4|210|124|
61.9|211|124|
62.5|212|124|
63.0|213|124|
64.0|214|124|
64.4|215|124|
64.9|216|124|
65.3|217|124|
65.1|218|124|
21.3|190|125|
21.7|191|125|
21.7|192|125|
22.1|193|125|
22.6|194|125|
23.0|195|125|
23.6|196|125|
24.0|197|125|
24.8|198|125|
25.1|199|125|
25.3|200|125|
25.9|201|125|
26.3|202|125|
26.8|203|125|
27.6|204|125|
28.3|205|125|
29.0|206|125|
29.5|207|125|
30.4|208|125|
30.9|209|125|
31.9|210|125|
32.6|211|125|
33.8|212|125|
34.5|213|125|
35.3|214|125|
36.0|215|125|
36.5|216|125|
37.3|217|125|
37.7|218|125|
45.2|203|126|
46.2|204|126|
46.7|205|126|
47.4|206|126|
47.9|207|126|
48.5|208|126|
49.1|209|126|
48.4|210|126|
49.4|211|126|
50.2|212|126|
52.0|213|126|
52.3|214|126|
52.7|215|126|
52.8|216|126|
53.3|217|126|
53.4|218|126|
66.9|200|128|
67.3|201|128|
67.9|202|128|
68.6|203|128|
69.3|204|128|
70.2|205|128|
70.8|206|128|
71.3|207|128|
72.9|208|128|
73.1|209|128|
73.5|210|128|
73.9|211|128|
74.0|212|128|
74.3|213|128|
74.7|214|128|
75.3|215|128|
75.7|216|128|
75.8|217|128|
75.9|218|128|
85.0|190|129|
85.6|191|129|
86.2|192|129|
87.0|193|129|
88.5|194|129|
88.3|195|129|
88.8|196|129|
89.4|197|129|
90.6|198|129|
91.1|199|129|
91.7|200|129|
91.6|201|129|
91.8|202|129|
92.4|203|129|
93.4|204|129|
93.2|205|129|
93.6|206|129|
93.8|207|129|
93.8|208|129|
93.8|209|129|
94.2|210|129|
94.3|211|129|
94.2|212|129|
94.6|213|129|
94.5|214|129|
94.8|215|129|
95.1|216|129|
95.3|217|129|
95.4|218|129|
70.4|200|130|
71.6|201|130|
72.5|202|130|
73.5|203|130|
74.2|204|130|
74.8|205|130|
75.2|206|130|
76.4|207|130|
78.2|208|130|
78.9|209|130|
79.3|210|130|
79.5|211|130|
80.4|212|130|
81.1|213|130|
81.5|214|130|
82.7|215|130|
83.4|216|130|
83.3|217|130|
83.4|218|130|
40.4|190|131|
40.9|191|131|
41.5|192|131|
41.8|193|131|
42.3|194|131|
42.8|195|131|
43.3|196|131|
43.6|197|131|
44.0|198|131|
44.5|199|131|
44.9|200|131|
45.6|201|131|
46.4|202|131|
47.2|203|131|
48.6|204|131|
49.9|205|131|
50.3|206|131|
51.1|207|131|
51.3|208|131|
52.0|209|131|
52.4|210|131|
52.8|211|131|
53.3|212|131|
53.7|213|131|
54.6|214|131|
55.0|215|131|
55.6|216|131|
55.8|217|131|
56.0|218|131|
73.6|200|132|
74.1|201|132|
74.5|202|132|
74.7|203|132|
75.2|204|132|
75.9|205|132|
76.1|206|132|
76.6|207|132|
76.7|208|132|
77.2|209|132|
77.6|210|132|
78.3|211|132|
78.7|212|132|
81.1|213|132|
80.9|214|132|
80.3|215|132|
80.8|216|132|
81.1|217|132|
81.4|218|132|
63.8|204|133|
64.6|205|133|
64.7|206|133|
65.7|207|133|
66.1|208|133|
66.6|209|133|
67.1|210|133|
67.9|211|133|
68.4|212|133|
68.1|213|133|
68.2|214|133|
68.5|215|133|
68.7|216|133|
68.9|217|133|
69.0|218|133|
65.9|190|134|
66.5|191|134|
67.3|192|134|
68.0|193|134|
68.4|194|134|
68.8|195|134|
69.4|196|134|
70.0|197|134|
70.8|198|134|
71.3|199|134|
71.9|200|134|
72.2|201|134|
72.8|202|134|
73.0|203|134|
73.5|204|134|
73.9|205|134|
74.4|206|134|
75.1|207|134|
75.5|208|134|
75.6|209|134|
75.8|210|134|
76.4|211|134|
77.0|212|134|
77.5|213|134|
77.9|214|134|
78.2|215|134|
78.9|216|134|
79.3|217|134|
79.5|218|134|
37.7|190|135|
38.6|191|135|
39.3|192|135|
40.4|193|135|
40.5|194|135|
41.4|195|135|
42.1|196|135|
42.5|197|135|
42.8|198|135|
43.1|199|135|
43.6|200|135|
44.1|201|135|
44.6|202|135|
45.0|203|135|
45.9|204|135|
46.8|205|135|
47.3|206|135|
48.6|207|135|
49.0|208|135|
50.0|209|135|
51.0|210|135|
51.7|211|135|
50.8|212|135|
52.1|213|135|
53.1|214|135|
53.9|215|135|
54.1|216|135|
54.3|217|135|
54.3|218|135|
58.8|190|136|
59.3|191|136|
59.7|192|136|
60.7|193|136|
61.5|194|136|
62.2|195|136|
62.9|196|136|
63.3|197|136|
63.8|198|136|
64.1|199|136|
64.0|200|136|
64.8|201|136|
65.8|202|136|
65.7|203|136|
66.4|204|136|
66.7|205|136|
66.6|206|136|
67.1|207|136|
68.0|208|136|
67.8|209|136|
69.2|210|136|
69.7|211|136|
69.7|212|136|
70.9|213|136|
71.2|214|136|
71.8|215|136|
71.8|216|136|
72.2|217|136|
72.4|218|136|
61.3|190|137|
61.9|191|137|
62.0|192|137|
62.5|193|137|
63.6|194|137|
64.6|195|137|
65.1|196|137|
65.7|197|137|
66.7|198|137|
67.7|199|137|
67.9|200|137|
68.8|201|137|
68.8|202|137|
68.7|203|137|
69.4|204|137|
70.0|205|137|
69.7|206|137|
70.5|207|137|
71.5|208|137|
71.8|209|137|
72.1|210|137|
73.4|211|137|
73.4|212|137|
74.2|213|137|
75.2|214|137|
75.0|215|137|
75.5|216|137|
75.6|217|137|
75.9|218|137|
59.0|190|138|
59.3|191|138|
59.6|192|138|
59.9|193|138|
60.3|194|138|
60.7|195|138|
61.5|196|138|
61.9|197|138|
62.3|198|138|
62.7|199|138|
63.1|200|138|
63.4|201|138|
63.9|202|138|
64.3|203|138|
65.3|204|138|
65.6|205|138|
65.7|206|138|
66.3|207|138|
66.7|208|138|
66.6|209|138|
67.2|210|138|
67.7|211|138|
68.4|212|138|
69.2|213|138|
69.7|214|138|
70.2|215|138|
70.4|216|138|
70.9|217|138|
71.2|218|138|
71.2|190|139|
71.1|191|139|
71.4|192|139|
72.5|193|139|
73.4|194|139|
74.0|195|139|
74.8|196|139|
75.9|197|139|
76.9|198|139|
77.8|199|139|
78.5|200|139|
79.1|201|139|
79.9|202|139|
80.4|203|139|
80.2|204|139|
80.8|205|139|
81.3|206|139|
81.9|207|139|
82.4|208|139|
82.8|209|139|
83.5|210|139|
84.0|211|139|
83.6|212|139|
85.1|213|139|
85.3|214|139|
85.8|215|139|
86.4|216|139|
86.8|217|139|
87.2|218|139|
71.1|190|140|
72.0|191|140|
73.2|192|140|
74.6|193|140|
75.3|194|140|
76.0|195|140|
76.7|196|140|
77.3|197|140|
78.0|198|140|
77.9|199|140|
78.5|200|140|
79.0|201|140|
79.2|202|140|
79.6|203|140|
79.7|204|140|
80.0|205|140|
80.3|206|140|
81.0|207|140|
81.4|208|140|
81.7|209|140|
82.2|210|140|
82.7|211|140|
82.9|212|140|
83.7|213|140|
84.0|214|140|
84.3|215|140|
84.6|216|140|
84.8|217|140|
85.0|218|140|
75.7|190|141|
75.4|191|141|
75.7|192|141|
76.8|193|141|
78.0|194|141|
78.9|195|141|
80.1|196|141|
80.6|197|141|
81.0|198|141|
81.4|199|141|
81.6|200|141|
81.7|201|141|
82.2|202|141|
83.0|203|141|
83.2|204|141|
83.8|205|141|
83.5|206|141|
83.8|207|141|
84.3|208|141|
84.1|209|141|
83.4|210|141|
84.5|211|141|
85.0|212|141|
85.7|213|141|
85.4|214|141|
85.1|215|141|
84.7|216|141|
84.8|217|141|
84.8|218|141|
70.1|190|142|
68.6|191|142|
67.9|192|142|
67.8|193|142|
68.1|194|142|
68.7|195|142|
69.5|196|142|
69.5|197|142|
69.7|198|142|
70.3|199|142|
70.9|200|142|
71.5|201|142|
72.4|202|142|
73.2|203|142|
74.5|204|142|
75.5|205|142|
76.6|206|142|
78.0|207|142|
79.5|208|142|
79.8|209|142|
79.7|210|142|
79.8|211|142|
79.6|212|142|
80.0|213|142|
80.3|214|142|
80.6|215|142|
80.8|216|142|
81.3|217|142|
81.6|218|142|
73.4|190|143|
72.9|191|143|
71.9|192|143|
71.1|193|143|
70.2|194|143|
70.1|195|143|
70.2|196|143|
70.4|197|143|
70.3|198|143|
71.0|199|143|
72.1|200|143|
72.7|201|143|
73.3|202|143|
74.0|203|143|
74.6|204|143|
75.2|205|143|
75.9|206|143|
76.7|207|143|
77.4|208|143|
77.1|209|143|
78.0|210|143|
78.9|211|143|
79.7|212|143|
80.3|213|143|
80.7|214|143|
81.3|215|143|
81.7|216|143|
82.2|217|143|
82.4|218|143|
24.5|190|144|
21.8|191|144|
20.0|192|144|
19.5|193|144|
18.9|194|144|
22.8|195|144|
26.0|196|144|
28.8|197|144|
30.3|198|144|
32.2|199|144|
33.7|200|144|
34.6|201|144|
36.1|202|144|
37.4|203|144|
39.1|204|144|
40.9|205|144|
43.0|206|144|
44.6|207|144|
45.6|208|144|
47.2|209|144|
48.8|210|144|
49.6|211|144|
50.4|212|144|
50.6|213|144|
51.3|214|144|
51.5|215|144|
52.5|216|144|
52.9|217|144|
53.6|218|144|
62.1|190|145|
62.2|191|145|
62.2|192|145|
62.7|193|145|
60.6|194|145|
61.1|195|145|
61.9|196|145|
62.1|197|145|
62.8|198|145|
63.3|199|145|
63.8|200|145|
64.5|201|145|
65.3|202|145|
65.8|203|145|
66.6|204|145|
67.0|205|145|
67.3|206|145|
67.9|207|145|
68.1|208|145|
68.3|209|145|
69.0|210|145|
69.5|211|145|
69.6|212|145|
69.6|213|145|
69.8|214|145|
69.9|215|145|
70.4|216|145|
70.6|217|145|
70.7|218|145|
43.7|190|147|
43.8|191|147|
44.1|192|147|
44.4|193|147|
44.9|194|147|
45.2|195|147|
45.8|196|147|
46.2|197|147|
46.7|198|147|
47.4|199|147|
48.0|200|147|
48.9|201|147|
49.4|202|147|
50.2|203|147|
50.9|204|147|
51.7|205|147|
52.6|206|147|
53.1|207|147|
53.2|208|147|
54.1|209|147|
54.6|210|147|
55.3|211|147|
55.8|212|147|
56.8|213|147|
57.7|214|147|
59.0|215|147|
59.3|216|147|
60.3|217|147|
60.9|218|147|
69.8|190|148|
70.6|191|148|
71.1|192|148|
71.5|193|148|
71.9|194|148|
72.3|195|148|
72.8|196|148|
73.2|197|148|
73.7|198|148|
73.9|199|148|
74.4|200|148|
74.7|201|148|
74.9|202|148|
75.6|203|148|
76.5|204|148|
77.1|205|148|
77.8|206|148|
78.4|207|148|
79.3|208|148|
79.7|209|148|
81.0|210|148|
82.4|211|148|
83.7|212|148|
84.6|213|148|
85.3|214|148|
85.7|215|148|
85.7|216|148|
85.6|217|148|
85.7|218|148|
37.7|190|149|
37.7|191|149|
37.8|192|149|
37.7|193|149|
37.7|194|149|
37.8|195|149|
37.9|196|149|
38.0|197|149|
38.3|198|149|
38.5|199|149|
39.0|200|149|
40.6|201|149|
41.0|202|149|
41.8|203|149|
42.6|204|149|
43.4|205|149|
43.9|206|149|
44.8|207|149|
45.8|208|149|
46.2|209|149|
46.8|210|149|
47.9|211|149|
48.9|212|149|
49.4|213|149|
50.1|214|149|
50.4|215|149|
50.6|216|149|
51.0|217|149|
51.4|218|149|
70.6|190|150|
70.3|191|150|
68.8|192|150|
68.5|193|150|
68.9|194|150|
69.5|195|150|
69.8|196|150|
70.5|197|150|
70.8|198|150|
70.3|199|150|
71.0|200|150|
71.6|201|150|
72.0|202|150|
72.6|203|150|
73.4|204|150|
74.2|205|150|
75.0|206|150|
75.4|207|150|
76.0|208|150|
76.2|209|150|
76.2|210|150|
77.2|211|150|
77.2|212|150|
77.5|213|150|
78.0|214|150|
78.5|215|150|
79.1|216|150|
79.4|217|150|
79.9|218|150|
71.2|200|151|
70.8|201|151|
70.9|202|151|
71.3|203|151|
71.5|204|151|
73.1|205|151|
72.0|206|151|
74.4|207|151|
74.8|208|151|
75.4|209|151|
76.2|210|151|
75.5|211|151|
77.7|212|151|
78.2|213|151|
79.6|214|151|
80.1|215|151|
80.1|216|151|
80.0|217|151|
80.1|218|151|
27.0|190|152|
26.7|191|152|
26.0|192|152|
26.6|193|152|
26.5|194|152|
26.8|195|152|
27.5|196|152|
27.8|197|152|
28.3|198|152|
28.9|199|152|
29.8|200|152|
30.2|201|152|
31.9|202|152|
32.9|203|152|
33.8|204|152|
34.6|205|152|
35.4|206|152|
36.8|207|152|
37.8|208|152|
38.6|209|152|
39.1|210|152|
39.8|211|152|
41.3|212|152|
42.6|213|152|
43.0|214|152|
42.2|215|152|
42.3|216|152|
43.5|217|152|
43.8|218|152|
71.8|190|153|
72.8|191|153|
73.9|192|153|
75.0|193|153|
76.2|194|153|
77.1|195|153|
78.0|196|153|
79.1|197|153|
79.6|198|153|
80.7|199|153|
81.8|200|153|
82.2|201|153|
83.0|202|153|
83.9|203|153|
84.6|204|153|
86.9|205|153|
87.2|206|153|
87.9|207|153|
88.4|208|153|
88.5|209|153|
90.9|210|153|
91.4|211|153|
92.0|212|153|
92.3|213|153|
92.8|214|153|
92.9|215|153|
93.3|216|153|
93.4|217|153|
93.5|218|153|
73.9|190|154|
73.4|191|154|
73.3|192|154|
73.7|193|154|
74.3|194|154|
75.1|195|154|
75.4|196|154|
75.6|197|154|
76.2|198|154|
76.2|199|154|
76.3|200|154|
76.5|201|154|
77.2|202|154|
77.7|203|154|
78.5|204|154|
79.4|205|154|
80.3|206|154|
81.4|207|154|
82.2|208|154|
82.3|209|154|
82.9|210|154|
83.6|211|154|
84.1|212|154|
84.4|213|154|
84.5|214|154|
84.9|215|154|
85.1|216|154|
85.4|217|154|
85.7|218|154|
82.9|190|155|
81.3|191|155|
76.7|192|155|
75.9|193|155|
76.2|194|155|
78.2|195|155|
78.8|196|155|
79.6|197|155|
80.5|198|155|
81.9|199|155|
82.4|200|155|
83.5|201|155|
84.3|202|155|
85.0|203|155|
85.7|204|155|
86.1|205|155|
86.8|206|155|
87.3|207|155|
87.8|208|155|
87.7|209|155|
88.1|210|155|
88.3|211|155|
87.6|212|155|
88.4|213|155|
88.6|214|155|
88.6|215|155|
89.2|216|155|
89.9|217|155|
90.2|218|155|
49.0|199|156|
47.6|200|156|
48.0|201|156|
48.6|202|156|
49.2|203|156|
49.8|204|156|
50.3|205|156|
51.5|206|156|
51.7|207|156|
51.7|208|156|
50.6|209|156|
52.4|210|156|
53.2|211|156|
54.6|212|156|
55.0|213|156|
55.1|214|156|
55.5|215|156|
55.3|216|156|
55.5|217|156|
55.7|218|156|
62.5|190|158|
63.2|191|158|
64.0|192|158|
64.6|193|158|
64.8|194|158|
65.2|195|158|
64.9|196|158|
64.4|197|158|
63.8|198|158|
63.3|199|158|
62.9|200|158|
61.0|201|158|
61.8|202|158|
61.7|203|158|
61.8|204|158|
62.0|205|158|
62.4|206|158|
63.1|207|158|
64.4|208|158|
65.4|209|158|
66.2|210|158|
66.3|211|158|
67.3|212|158|
68.3|213|158|
69.1|214|158|
69.9|215|158|
70.2|216|158|
70.4|217|158|
70.5|218|158|
72.8|190|159|
73.9|191|159|
74.6|192|159|
75.6|193|159|
76.7|194|159|
77.8|195|159|
78.9|196|159|
80.0|197|159|
79.7|198|159|
80.8|199|159|
81.7|200|159|
82.4|201|159|
83.2|202|159|
83.9|203|159|
84.7|204|159|
85.5|205|159|
86.2|206|159|
86.9|207|159|
87.4|208|159|
87.1|209|159|
88.2|210|159|
88.8|211|159|
89.0|212|159|
89.3|213|159|
89.6|214|159|
89.9|215|159|
90.1|216|159|
90.4|217|159|
90.6|218|159|
42.5|210|160|
44.3|211|160|
43.8|212|160|
43.9|213|160|
43.5|214|160|
42.8|215|160|
41.8|216|160|
41.4|217|160|
41.3|218|160|
75.4|190|161|
76.4|191|161|
77.2|192|161|
78.2|193|161|
79.1|194|161|
80.0|195|161|
80.6|196|161|
81.0|197|161|
81.4|198|161|
81.9|199|161|
82.5|200|161|
82.8|201|161|
83.0|202|161|
83.3|203|161|
83.7|204|161|
84.4|205|161|
84.8|206|161|
85.3|207|161|
85.6|208|161|
85.8|209|161|
86.5|210|161|
87.0|211|161|
87.3|212|161|
87.5|213|161|
88.0|214|161|
88.5|215|161|
88.8|216|161|
89.1|217|161|
89.3|218|161|
62.5|190|162|
63.0|191|162|
63.5|192|162|
63.7|193|162|
64.6|194|162|
65.0|195|162|
65.5|196|162|
66.2|197|162|
66.9|198|162|
67.7|199|162|
68.7|200|162|
69.3|201|162|
69.9|202|162|
70.8|203|162|
71.5|204|162|
72.1|205|162|
72.8|206|162|
73.4|207|162|
74.2|208|162|
74.5|209|162|
75.0|210|162|
75.6|211|162|
76.2|212|162|
76.5|213|162|
76.9|214|162|
77.2|215|162|
77.4|216|162|
77.6|217|162|
78.0|218|162|
71.3|205|163|
72.0|206|163|
72.5|207|163|
74.0|208|163|
74.2|209|163|
74.7|210|163|
75.1|211|163|
74.8|212|163|
76.7|213|163|
76.8|214|163|
76.9|215|163|
77.2|216|163|
77.4|217|163|
77.7|218|163|
69.4|200|164|
69.1|201|164|
69.2|202|164|
69.4|203|164|
69.4|204|164|
69.8|205|164|
71.2|206|164|
71.2|207|164|
72.3|208|164|
72.6|209|164|
73.0|210|164|
73.6|211|164|
73.1|212|164|
72.6|213|164|
72.8|214|164|
73.6|215|164|
74.4|216|164|
74.4|217|164|
74.5|218|164|
67.4|200|165|
67.8|201|165|
68.3|202|165|
69.0|203|165|
69.3|204|165|
69.8|205|165|
70.4|206|165|
70.5|207|165|
71.3|208|165|
71.3|209|165|
71.1|210|165|
71.3|211|165|
71.3|212|165|
71.4|213|165|
71.5|214|165|
72.1|215|165|
72.5|216|165|
72.6|217|165|
72.8|218|165|
33.2|190|166|
33.7|191|166|
34.5|192|166|
35.3|193|166|
35.9|194|166|
36.7|195|166|
37.5|196|166|
38.5|197|166|
39.1|198|166|
39.7|199|166|
40.3|200|166|
40.9|201|166|
41.5|202|166|
42.1|203|166|
43.0|204|166|
43.7|205|166|
44.7|206|166|
45.2|207|166|
46.4|208|166|
46.9|209|166|
47.1|210|166|
47.5|211|166|
48.5|212|166|
47.7|213|166|
49.6|214|166|
50.1|215|166|
50.5|216|166|
50.7|217|166|
50.8|218|166|
67.1|204|167|
67.6|205|167|
68.2|206|167|
68.7|207|167|
69.2|208|167|
69.8|209|167|
70.1|210|167|
70.8|211|167|
72.0|212|167|
72.4|213|167|
72.6|214|167|
73.0|215|167|
72.6|216|167|
72.2|217|167|
72.4|218|167|
81.6|190|168|
81.8|191|168|
82.1|192|168|
84.0|193|168|
84.9|194|168|
85.7|195|168|
86.4|196|168|
87.4|197|168|
88.8|198|168|
89.3|199|168|
89.7|200|168|
90.0|201|168|
90.3|202|168|
90.8|203|168|
89.6|204|168|
89.9|205|168|
90.2|206|168|
90.5|207|168|
90.1|208|168|
89.9|209|168|
90.6|210|168|
90.6|211|168|
90.8|212|168|
92.7|213|168|
92.9|214|168|
93.2|215|168|
93.4|216|168|
93.5|217|168|
93.7|218|168|
83.2|190|169|
83.4|191|169|
83.6|192|169|
84.1|193|169|
84.4|194|169|
84.8|195|169|
85.4|196|169|
86.4|197|169|
87.4|198|169|
88.1|199|169|
88.9|200|169|
89.1|201|169|
89.1|202|169|
89.6|203|169|
90.1|204|169|
90.6|205|169|
91.2|206|169|
91.5|207|169|
91.7|208|169|
92.7|209|169|
93.2|210|169|
93.2|211|169|
93.5|212|169|
93.8|213|169|
93.9|214|169|
94.3|215|169|
94.3|216|169|
94.3|217|169|
94.6|218|169|
55.8|190|170|
56.2|191|170|
56.8|192|170|
57.1|193|170|
57.6|194|170|
57.9|195|170|
58.3|196|170|
58.7|197|170|
59.0|198|170|
58.9|199|170|
59.0|200|170|
59.7|201|170|
60.0|202|170|
61.0|203|170|
62.3|204|170|
63.5|205|170|
64.3|206|170|
64.9|207|170|
64.6|208|170|
64.8|209|170|
64.4|210|170|
64.2|211|170|
63.1|212|170|
57.2|213|170|
55.1|214|170|
54.0|215|170|
53.9|216|170|
54.4|217|170|
54.9|218|170|
60.3|190|171|
59.8|191|171|
57.7|192|171|
56.0|193|171|
52.7|194|171|
53.2|195|171|
51.7|196|171|
52.2|197|171|
52.6|198|171|
53.0|199|171|
53.8|200|171|
54.8|201|171|
55.9|202|171|
57.1|203|171|
58.2|204|171|
59.0|205|171|
59.6|206|171|
60.2|207|171|
61.6|208|171|
61.9|209|171|
63.0|210|171|
63.4|211|171|
63.9|212|171|
64.3|213|171|
64.2|214|171|
64.2|215|171|
64.7|216|171|
65.1|217|171|
65.6|218|171|
37.3|190|172|
37.4|191|172|
37.2|192|172|
37.2|193|172|
37.1|194|172|
37.2|195|172|
37.4|196|172|
37.5|197|172|
38.2|198|172|
38.8|199|172|
39.5|200|172|
40.2|201|172|
41.2|202|172|
42.1|203|172|
43.1|204|172|
44.2|205|172|
45.2|206|172|
46.1|207|172|
47.0|208|172|
47.9|209|172|
48.7|210|172|
49.2|211|172|
50.1|212|172|
50.3|213|172|
50.9|214|172|
51.9|215|172|
51.8|216|172|
52.2|217|172|
52.8|218|172|
57.4|190|173|
58.3|191|173|
58.9|192|173|
59.7|193|173|
60.4|194|173|
61.1|195|173|
61.9|196|173|
62.5|197|173|
63.0|198|173|
64.0|199|173|
64.9|200|173|
65.7|201|173|
66.5|202|173|
67.4|203|173|
68.3|204|173|
69.3|205|173|
69.4|206|173|
71.0|207|173|
71.4|208|173|
71.8|209|173|
72.1|210|173|
72.9|211|173|
73.3|212|173|
73.1|213|173|
73.9|214|173|
74.6|215|173|
75.3|216|173|
76.2|217|173|
76.5|218|173|
50.5|200|174|
51.2|201|174|
52.2|202|174|
52.5|203|174|
51.9|204|174|
49.6|205|174|
53.7|206|174|
58.2|207|174|
59.9|208|174|
61.1|209|174|
62.0|210|174|
62.7|211|174|
60.1|212|174|
61.3|213|174|
60.8|214|174|
62.8|215|174|
62.8|216|174|
62.4|217|174|
62.6|218|174|
40.5|190|175|
40.8|191|175|
40.0|192|175|
39.1|193|175|
39.7|194|175|
41.0|195|175|
41.8|196|175|
42.5|197|175|
42.4|198|175|
42.5|199|175|
42.6|200|175|
42.7|201|175|
42.8|202|175|
43.2|203|175|
43.5|204|175|
43.7|205|175|
44.4|206|175|
44.1|207|175|
44.9|208|175|
45.8|209|175|
46.8|210|175|
48.0|211|175|
48.4|212|175|
49.0|213|175|
49.5|214|175|
50.2|215|175|
50.6|216|175|
51.0|217|175|
51.3|218|175|
64.5|190|176|
65.1|191|176|
65.3|192|176|
65.7|193|176|
66.4|194|176|
66.7|195|176|
66.7|196|176|
66.7|197|176|
67.0|198|176|
67.0|199|176|
66.6|200|176|
67.0|201|176|
67.6|202|176|
68.5|203|176|
67.4|204|176|
67.4|205|176|
67.5|206|176|
67.8|207|176|
68.1|208|176|
68.6|209|176|
69.2|210|176|
69.6|211|176|
70.0|212|176|
69.9|213|176|
69.9|214|176|
71.4|215|176|
71.5|216|176|
71.7|217|176|
71.7|218|176|
66.7|190|177|
66.8|191|177|
67.4|192|177|
67.6|193|177|
68.0|194|177|
68.6|195|177|
69.1|196|177|
69.9|197|177|
69.8|198|177|
71.7|199|177|
72.1|200|177|
72.9|201|177|
73.0|202|177|
74.4|203|177|
75.3|204|177|
75.1|205|177|
76.7|206|177|
77.7|207|177|
78.4|208|177|
78.6|209|177|
78.8|210|177|
78.6|211|177|
78.4|212|177|
78.7|213|177|
78.8|214|177|
79.6|215|177|
79.6|216|177|
79.9|217|177|
79.9|218|177|
56.9|190|178|
57.5|191|178|
58.3|192|178|
58.9|193|178|
60.0|194|178|
60.7|195|178|
61.6|196|178|
62.3|197|178|
63.5|198|178|
64.5|199|178|
65.3|200|178|
66.1|201|178|
66.6|202|178|
67.3|203|178|
68.2|204|178|
68.9|205|178|
69.5|206|178|
70.1|207|178|
70.8|208|178|
71.0|209|178|
71.7|210|178|
71.9|211|178|
72.1|212|178|
72.5|213|178|
72.8|214|178|
73.1|215|178|
73.6|216|178|
73.8|217|178|
73.9|218|178|
57.9|190|179|
58.3|191|179|
58.9|192|179|
59.7|193|179|
59.9|194|179|
60.7|195|179|
61.5|196|179|
62.4|197|179|
63.5|198|179|
64.3|199|179|
65.5|200|179|
66.1|201|179|
67.2|202|179|
67.9|203|179|
68.5|204|179|
69.1|205|179|
70.2|206|179|
70.9|207|179|
71.4|208|179|
72.1|209|179|
74.3|210|179|
75.9|211|179|
76.5|212|179|
78.1|213|179|
79.2|214|179|
80.0|215|179|
80.0|216|179|
80.5|217|179|
80.7|218|179|
67.3|210|180|
68.0|211|180|
68.6|212|180|
69.1|213|180|
69.6|214|180|
70.1|215|180|
70.6|216|180|
70.8|217|180|
71.0|218|180|
31.2|190|182|
31.2|191|182|
30.5|192|182|
31.2|193|182|
31.4|194|182|
32.0|195|182|
33.6|196|182|
35.0|197|182|
36.5|198|182|
38.1|199|182|
39.5|200|182|
40.3|201|182|
41.8|202|182|
42.7|203|182|
42.7|204|182|
43.4|205|182|
44.7|206|182|
45.7|207|182|
46.9|208|182|
47.8|209|182|
48.9|210|182|
49.4|211|182|
49.7|212|182|
50.3|213|182|
50.9|214|182|
51.5|215|182|
52.0|216|182|
52.2|217|182|
52.8|218|182|
70.5|190|183|
70.1|191|183|
69.2|192|183|
68.1|193|183|
66.8|194|183|
66.4|195|183|
66.1|196|183|
66.3|197|183|
66.5|198|183|
66.7|199|183|
67.1|200|183|
68.1|201|183|
68.9|202|183|
69.9|203|183|
70.6|204|183|
71.5|205|183|
72.2|206|183|
72.9|207|183|
73.3|208|183|
72.7|209|183|
73.2|210|183|
73.7|211|183|
74.2|212|183|
74.4|213|183|
74.7|214|183|
74.2|215|183|
74.6|216|183|
74.7|217|183|
75.0|218|183|
72.4|190|184|
73.5|191|184|
73.8|192|184|
74.5|193|184|
75.5|194|184|
76.4|195|184|
76.5|196|184|
76.6|197|184|
76.9|198|184|
77.6|199|184|
78.2|200|184|
78.7|201|184|
79.3|202|184|
79.8|203|184|
80.3|204|184|
80.9|205|184|
81.4|206|184|
81.9|207|184|
82.1|208|184|
81.9|209|184|
82.1|210|184|
82.6|211|184|
83.2|212|184|
83.9|213|184|
84.7|214|184|
86.0|215|184|
86.3|216|184|
86.4|217|184|
86.6|218|184|
77.5|190|185|
78.7|191|185|
80.1|192|185|
81.3|193|185|
82.7|194|185|
83.9|195|185|
84.4|196|185|
84.9|197|185|
85.5|198|185|
86.1|199|185|
86.7|200|185|
87.1|201|185|
87.4|202|185|
87.8|203|185|
88.6|204|185|
89.0|205|185|
88.9|206|185|
89.2|207|185|
89.6|208|185|
89.9|209|185|
90.5|210|185|
89.9|211|185|
89.7|212|185|
91.4|213|185|
91.8|214|185|
91.6|215|185|
91.8|216|185|
91.9|217|185|
92.0|218|185|
86.0|190|186|
86.2|191|186|
87.2|193|186|
87.5|194|186|
87.8|195|186|
87.9|196|186|
88.4|198|186|
88.5|199|186|
88.1|200|186|
88.4|201|186|
88.6|202|186|
88.9|203|186|
89.2|204|186|
89.6|205|186|
89.9|206|186|
90.2|207|186|
90.7|208|186|
90.8|209|186|
91.1|210|186|
91.4|211|186|
91.6|212|186|
91.4|213|186|
91.5|214|186|
91.7|215|186|
91.9|216|186|
91.9|217|186|
92.0|218|186|
69.2|190|187|
69.7|191|187|
70.0|192|187|
70.3|193|187|
70.9|194|187|
71.1|195|187|
71.7|196|187|
72.7|197|187|
73.5|198|187|
73.7|199|187|
74.2|200|187|
74.5|201|187|
74.7|202|187|
75.0|203|187|
75.4|204|187|
75.6|205|187|
76.1|206|187|
76.3|207|187|
76.7|208|187|
77.9|209|187|
77.4|210|187|
78.3|211|187|
78.8|212|187|
79.7|213|187|
80.0|214|187|
80.2|215|187|
80.6|216|187|
80.7|217|187|
80.8|218|187|
59.6|200|188|
60.3|201|188|
61.0|202|188|
61.5|203|188|
62.2|204|188|
62.9|205|188|
63.5|206|188|
64.6|207|188|
65.3|208|188|
65.8|209|188|
66.5|210|188|
67.2|211|188|
68.1|212|188|
68.8|213|188|
69.3|214|188|
69.6|215|188|
70.1|216|188|
70.7|217|188|
71.0|218|188|
56.9|205|189|
57.5|206|189|
57.7|207|189|
58.4|208|189|
58.4|209|189|
58.5|210|189|
58.5|211|189|
58.4|212|189|
58.8|213|189|
58.9|214|189|
59.2|215|189|
59.2|216|189|
59.5|217|189|
59.7|218|189|
63.8|190|190|
64.8|191|190|
65.4|192|190|
65.6|193|190|
65.7|194|190|
66.0|195|190|
66.2|196|190|
66.6|197|190|
66.8|198|190|
67.0|199|190|
67.2|200|190|
68.0|201|190|
68.8|202|190|
68.7|203|190|
70.0|204|190|
71.4|205|190|
72.7|206|190|
74.3|207|190|
75.3|208|190|
75.2|209|190|
75.3|210|190|
76.4|211|190|
76.7|212|190|
77.2|213|190|
77.0|214|190|
76.3|215|190|
75.2|216|190|
73.5|217|190|
72.6|218|190|
47.5|190|191|
48.4|191|191|
49.6|192|191|
50.6|193|191|
51.7|194|191|
52.9|195|191|
54.0|196|191|
53.9|197|191|
55.9|198|191|
56.6|199|191|
57.8|200|191|
58.6|201|191|
59.4|202|191|
60.3|203|191|
61.2|204|191|
61.6|205|191|
62.4|206|191|
63.2|207|191|
63.9|208|191|
65.0|209|191|
65.3|210|191|
66.3|211|191|
66.8|212|191|
67.3|213|191|
67.5|214|191|
68.0|215|191|
68.5|216|191|
69.0|217|191|
69.3|218|191|
39.2|190|192|
39.6|191|192|
39.5|192|192|
39.8|193|192|
39.8|194|192|
39.3|195|192|
40.8|196|192|
41.8|197|192|
43.0|198|192|
42.3|199|192|
43.2|200|192|
44.9|201|192|
45.6|202|192|
46.4|203|192|
47.1|204|192|
47.2|205|192|
47.8|206|192|
48.6|207|192|
48.8|208|192|
50.3|209|192|
49.9|210|192|
51.1|211|192|
50.1|212|192|
50.6|213|192|
50.4|214|192|
49.3|215|192|
47.7|216|192|
46.3|217|192|
46.3|218|192|
42.4|190|193|
42.1|191|193|
42.0|192|193|
42.2|193|193|
41.8|194|193|
41.9|195|193|
41.9|196|193|
42.0|197|193|
41.9|198|193|
42.4|199|193|
42.8|200|193|
43.6|201|193|
44.5|202|193|
45.5|203|193|
46.4|204|193|
47.5|205|193|
48.6|206|193|
49.2|207|193|
50.7|208|193|
52.1|209|193|
53.1|210|193|
54.1|211|193|
55.2|212|193|
55.9|213|193|
56.5|214|193|
57.0|215|193|
58.0|216|193|
58.9|217|193|
59.1|218|193|
49.8|190|194|
50.0|191|194|
48.5|192|194|
48.0|193|194|
47.8|194|194|
47.2|195|194|
47.1|196|194|
46.6|197|194|
46.1|198|194|
45.7|199|194|
45.2|200|194|
45.3|201|194|
44.4|202|194|
43.0|203|194|
42.7|204|194|
42.5|205|194|
42.9|206|194|
43.4|207|194|
43.2|208|194|
44.8|209|194|
47.2|210|194|
49.0|211|194|
51.6|212|194|
52.7|213|194|
53.7|214|194|
54.4|215|194|
54.9|216|194|
55.3|217|194|
56.3|218|194|
