53.2|197|0|
59.3|204|0|
40.4|213|0|
38.2|218|0|
20.4|197|1|
39.2|200|1|
26.7|205|1|
23.2|209|1|
11.3|217|1|
16.9|187|2|
22.9|192|2|
22.5|195|2|
23.6|200|2|
24.0|202|2|
15.4|206|2|
11.7|212|2|
61.1|196|4|
29.2|207|4|
37.6|215|4|
7.1|194|6|
16.9|196|6|
8.2|205|6|
7.9|219|6|
15.1|198|7|
17.3|200|7|
17.9|205|7|
20.9|210|7|
9.4|216|7|
0.0|195|8|
2.0|207|8|
28.0|196|10|
24.2|200|10|
18.0|201|10|
26.5|206|10|
16.4|211|10|
17.8|213|10|
13.9|189|12|
13.6|195|12|
70.9|186|13|
63.4|190|13|
73.6|191|13|
71.5|192|13|
69.2|193|13|
67.3|194|13|
65.8|195|13|
63.8|196|13|
59.6|197|13|
59.3|198|13|
59.9|199|13|
51.1|200|13|
53.2|201|13|
51.4|202|13|
47.8|203|13|
50.5|204|13|
45.9|205|13|
45.1|206|13|
43.2|207|13|
41.3|211|13|
38.7|213|13|
36.2|214|13|
30.8|218|13|
7.7|212|14|
4.5|205|15|
22.0|206|17|
19.3|211|17|
15.0|215|17|
39.1|196|18|
36.2|201|18|
34.0|214|18|
32.2|218|18|
60.9|187|19|
47.7|199|19|
34.9|208|19|
33.5|210|19|
44.0|189|20|
37.1|194|20|
33.2|198|20|
32.4|203|20|
27.1|208|20|
18.2|212|20|
16.1|216|20|
12.1|200|21|
11.8|206|21|
8.9|212|21|
35.1|196|22|
29.1|200|22|
28.9|207|22|
19.8|189|23|
13.0|196|23|
7.0|207|23|
19.7|209|24|
8.8|204|25|
6.6|207|25|
7.0|214|25|
38.7|193|26|
41.4|199|26|
43.1|203|26|
40.0|206|26|
35.1|209|26|
34.7|210|26|
34.6|211|26|
32.8|212|26|
31.3|213|26|
29.0|214|26|
26.8|216|26|
21.1|217|26|
24.9|218|26|
56.2|187|27|
64.0|200|27|
57.7|205|27|
57.6|210|27|
55.9|216|27|
54.2|219|27|
58.6|196|28|
49.0|200|28|
42.8|205|28|
39.5|208|28|
39.8|210|28|
32.4|214|28|
31.6|191|29|
38.2|198|29|
35.6|204|29|
37.6|206|29|
32.6|211|29|
31.7|214|29|
28.9|218|29|
26.8|185|31|
21.4|194|31|
41.5|194|32|
44.4|200|32|
43.6|206|32|
40.7|210|32|
39.7|212|32|
40.8|218|32|
44.5|197|33|
38.9|200|33|
44.4|204|33|
38.7|210|33|
39.8|215|33|
13.5|186|34|
4.2|194|34|
3.9|195|34|
3.7|196|34|
3.3|198|34|
3.1|199|34|
2.8|201|34|
2.5|202|34|
2.5|203|34|
2.4|204|34|
2.2|206|34|
2.1|207|34|
2.0|208|34|
1.8|213|34|
1.8|214|34|
38.3|187|35|
32.3|190|35|
38.0|192|35|
31.2|195|35|
19.8|198|35|
17.8|200|35|
21.8|202|35|
11.7|205|35|
9.8|208|35|
9.0|209|35|
9.4|210|35|
8.1|213|35|
26.6|186|36|
21.8|189|36|
19.6|195|36|
18.2|200|36|
16.0|204|36|
12.6|210|36|
12.7|216|36|
38.5|192|37|
40.0|196|37|
46.9|200|37|
31.1|212|37|
51.0|195|38|
44.4|201|38|
45.8|207|38|
43.4|210|38|
42.7|213|38|
30.1|187|39|
31.2|205|39|
24.4|211|39|
21.2|214|39|
8.2|196|40|
5.6|208|40|
22.5|186|41|
34.2|194|41|
31.2|198|41|
41.3|206|41|
39.0|207|41|
29.9|212|41|
21.6|216|41|
7.0|200|43|
3.1|191|45|
2.7|201|45|
28.0|189|47|
31.7|196|47|
27.1|202|47|
33.5|212|47|
20.4|186|49|
21.1|191|49|
13.5|196|49|
7.7|200|49|
11.6|202|49|
10.5|206|49|
10.1|207|49|
7.1|213|49|
40.2|186|50|
27.9|199|50|
29.2|204|50|
25.9|206|50|
25.4|212|50|
23.9|214|50|
34.0|188|51|
34.9|191|51|
31.1|193|51|
34.8|195|51|
30.9|197|51|
26.3|198|51|
24.4|200|51|
20.2|203|51|
23.9|205|51|
30.7|208|51|
22.3|214|51|
36.7|188|52|
31.6|193|52|
32.3|198|52|
24.6|203|52|
20.8|208|52|
13.6|214|52|
38.7|197|53|
42.7|200|53|
35.0|204|53|
26.2|211|53|
69.6|193|54|
47.8|195|54|
43.0|202|54|
52.5|210|54|
36.5|200|56|
29.2|206|56|
40.4|208|56|
30.9|210|56|
25.5|214|56|
66.9|192|57|
57.6|200|57|
50.4|205|57|
44.4|211|57|
40.4|214|57|
38.4|216|57|
36.8|219|57|
4.3|193|58|
7.5|204|58|
25.9|200|61|
17.0|212|61|
36.1|196|62|
24.1|200|62|
27.7|206|62|
23.4|210|62|
21.1|212|62|
24.6|213|62|
13.6|218|62|
16.1|199|63|
14.6|205|63|
11.3|209|63|
1.3|204|64|
1.7|216|64|
42.6|188|65|
41.2|193|65|
30.6|198|65|
35.5|203|65|
27.9|206|65|
28.4|208|65|
22.8|211|65|
18.8|214|65|
17.5|217|65|
66.2|187|68|
55.4|195|68|
53.1|199|68|
51.0|200|68|
54.8|202|68|
51.5|209|68|
46.7|215|68|
35.3|194|69|
31.1|199|69|
39.3|205|69|
40.0|207|69|
34.4|211|69|
31.1|212|69|
32.4|216|69|
30.3|218|69|
33.8|200|70|
47.7|206|70|
32.0|210|70|
27.6|214|70|
14.0|197|71|
13.9|200|71|
17.9|206|71|
19.3|209|71|
11.3|214|71|
40.1|190|72|
37.1|194|72|
28.8|200|72|
29.6|206|72|
22.0|212|72|
21.9|217|72|
43.3|187|74|
42.5|192|74|
45.7|194|74|
38.6|196|74|
35.5|201|74|
29.8|206|74|
22.6|212|74|
62.7|189|77|
61.9|192|77|
57.7|193|77|
45.9|197|77|
54.2|199|77|
47.8|206|77|
38.7|214|77|
37.9|215|77|
34.7|217|77|
48.1|196|78|
42.4|200|78|
41.6|201|78|
28.6|204|78|
40.1|207|78|
39.2|210|78|
36.4|213|78|
30.5|218|78|
24.4|195|79|
20.4|198|79|
7.1|204|79|
6.8|211|79|
27.6|191|80|
28.1|200|80|
33.7|203|80|
20.0|204|80|
27.5|206|80|
22.1|211|80|
12.6|218|80|
12.4|189|84|
11.8|191|84|
14.4|192|84|
12.6|193|84|
12.1|194|84|
9.7|195|84|
11.2|196|84|
8.7|197|84|
9.5|198|84|
5.7|199|84|
7.2|200|84|
6.6|201|84|
8.2|202|84|
4.9|204|84|
7.5|206|84|
5.4|207|84|
6.9|208|84|
6.0|210|84|
6.8|212|84|
6.0|214|84|
7.1|210|85|
20.0|190|86|
11.1|197|86|
11.7|202|86|
8.2|209|86|
7.8|212|86|
23.3|195|87|
13.2|199|87|
17.5|206|87|
13.1|210|87|
8.0|215|87|
37.0|187|88|
40.2|193|88|
41.1|194|88|
37.4|198|88|
40.8|200|88|
35.8|203|88|
40.3|205|88|
35.5|208|88|
26.2|214|88|
34.4|185|89|
5.0|196|90|
4.0|201|90|
3.6|202|90|
3.9|203|90|
4.1|204|90|
4.5|205|90|
4.6|206|90|
5.1|207|90|
5.1|208|90|
3.8|209|90|
4.1|210|90|
4.0|211|90|
4.3|212|90|
4.8|213|90|
5.8|214|90|
4.9|215|90|
5.9|216|90|
6.4|217|90|
36.2|197|91|
18.1|206|91|
22.6|209|91|
17.9|212|91|
12.9|214|91|
11.8|218|91|
53.6|193|92|
52.9|194|92|
47.5|200|92|
47.7|206|92|
44.2|211|92|
35.5|215|92|
33.1|217|92|
17.2|196|94|
16.5|204|94|
39.2|192|95|
37.5|193|95|
52.7|200|95|
44.7|204|95|
39.3|209|95|
33.4|214|95|
34.6|218|95|
45.3|200|96|
39.6|207|96|
39.0|210|96|
32.1|213|96|
30.1|216|96|
21.1|195|97|
21.0|207|97|
38.1|214|97|
60.5|192|101|
54.1|193|101|
55.2|195|101|
58.2|197|101|
52.7|204|101|
49.4|209|101|
48.9|212|101|
41.6|218|101|
55.4|192|102|
53.8|195|102|
62.3|198|102|
54.7|200|102|
58.3|202|102|
52.5|204|102|
53.1|206|102|
48.8|209|102|
47.3|210|102|
42.4|214|102|
37.4|215|102|
38.3|216|102|
39.0|218|102|
20.7|199|103|
17.2|206|103|
17.7|215|103|
20.7|216|103|
36.1|194|104|
33.0|195|104|
43.0|197|104|
31.9|201|104|
19.0|209|104|
35.8|187|105|
39.9|196|105|
42.5|201|105|
37.6|206|105|
27.8|210|105|
30.4|215|105|
26.9|218|105|
34.8|217|107|
40.2|188|108|
54.6|190|108|
49.8|196|108|
38.6|200|108|
31.5|207|108|
23.6|208|108|
29.7|211|108|
23.0|212|108|
27.9|215|108|
22.8|218|108|
27.3|185|109|
13.6|195|109|
28.7|188|110|
26.0|189|110|
25.8|196|110|
21.4|198|110|
15.5|206|110|
13.6|212|110|
12.4|215|110|
10.0|216|110|
10.7|205|112|
6.4|212|112|
33.1|192|114|
30.1|199|114|
29.8|200|114|
23.5|204|114|
27.5|205|114|
15.5|210|114|
10.8|213|114|
7.3|216|114|
9.4|218|114|
7.9|205|115|
9.4|213|115|
31.0|187|116|
30.1|192|116|
28.9|197|116|
23.1|203|116|
14.9|211|116|
15.1|217|116|
59.9|195|117|
48.7|197|117|
50.7|201|117|
46.9|203|117|
43.5|208|117|
42.9|211|117|
42.3|215|117|
53.6|191|118|
58.7|194|118|
55.4|197|118|
40.8|200|118|
42.7|203|118|
35.1|209|118|
29.4|216|118|
35.6|192|119|
29.3|200|119|
29.2|207|119|
22.7|213|119|
24.0|207|120|
68.2|195|121|
65.7|196|121|
61.1|198|121|
57.1|201|121|
49.2|206|121|
40.5|211|121|
37.5|214|121|
36.0|216|121|
29.6|193|124|
30.5|198|124|
25.1|201|124|
18.8|204|124|
23.1|206|124|
17.3|212|124|
43.8|185|125|
45.3|192|125|
50.7|198|125|
53.5|200|125|
54.8|206|125|
39.9|212|125|
42.5|213|125|
42.2|214|125|
41.3|216|125|
48.5|218|125|
48.7|190|126|
43.8|193|126|
42.5|203|126|
39.2|207|126|
40.6|208|126|
35.8|211|126|
36.5|213|126|
33.6|214|126|
33.0|215|126|
43.6|216|126|
36.8|218|126|
63.9|198|127|
51.0|200|127|
44.7|202|127|
43.1|204|127|
32.4|209|127|
27.9|212|127|
19.1|217|127|
8.0|199|128|
11.3|205|128|
4.9|211|128|
24.2|191|130|
21.1|194|130|
15.8|199|130|
9.8|209|130|
14.1|214|130|
11.4|217|130|
62.5|186|131|
54.5|191|131|
42.7|192|131|
41.4|201|131|
43.0|211|131|
45.0|213|131|
37.6|218|131|
10.6|196|133|
16.1|202|133|
10.7|204|133|
13.6|206|133|
10.9|210|133|
7.4|214|133|
16.8|197|134|
23.7|203|134|
19.0|208|134|
46.0|183|135|
43.9|205|135|
49.5|210|135|
18.3|190|136|
17.5|205|136|
10.7|212|136|
5.6|216|136|
37.3|191|137|
31.6|196|137|
31.3|200|137|
29.2|205|137|
28.0|207|137|
23.9|209|137|
23.3|210|137|
19.5|211|137|
18.4|212|137|
17.7|213|137|
14.8|214|137|
14.7|215|137|
13.1|216|137|
12.9|217|137|
12.2|218|137|
44.7|187|138|
43.3|190|138|
40.9|192|138|
38.9|193|138|
38.3|198|138|
33.8|203|138|
32.3|208|138|
33.4|211|138|
30.0|213|138|
33.1|215|138|
30.3|218|138|
2.9|209|139|
2.6|214|139|
11.6|195|141|
11.2|191|142|
15.3|199|142|
12.8|200|142|
14.0|201|142|
12.8|202|142|
56.8|192|144|
45.4|196|144|
47.9|200|144|
51.4|205|144|
52.0|209|144|
44.3|210|144|
43.8|212|144|
36.9|215|144|
6.4|199|145|
4.9|214|145|
32.0|186|147|
35.5|200|147|
28.9|206|147|
30.8|208|147|
17.2|214|147|
21.4|194|148|
9.3|205|148|
26.5|186|149|
34.4|192|149|
29.8|193|149|
28.8|196|149|
26.0|200|149|
19.9|205|149|
26.7|211|149|
15.5|212|149|
18.8|213|149|
18.8|214|149|
20.7|215|149|
17.1|216|149|
16.5|217|149|
18.8|219|149|
8.1|205|150|
6.6|210|150|
6.0|214|150|
7.7|188|151|
7.9|212|151|
41.4|189|152|
40.9|190|152|
35.5|200|152|
45.0|205|152|
37.2|208|152|
44.4|210|152|
37.8|213|152|
29.3|217|152|
29.5|219|152|
4.4|200|153|
33.7|189|156|
32.8|207|156|
31.7|215|156|
29.2|200|157|
42.0|206|157|
25.3|209|157|
29.7|194|158|
28.7|195|158|
30.1|199|158|
35.5|204|158|
24.9|208|158|
27.2|212|158|
27.4|216|158|
2.5|203|159|
2.5|210|159|
36.2|206|160|
31.3|210|160|
32.3|187|162|
29.7|193|162|
26.1|195|162|
18.4|200|162|
17.3|207|162|
19.2|209|162|
14.6|212|162|
17.3|216|162|
2.5|212|164|
38.3|206|166|
34.1|210|166|
38.2|214|166|
14.1|200|167|
10.6|206|167|
8.8|210|167|
32.8|193|170|
26.5|195|170|
24.3|200|170|
31.1|201|170|
28.7|206|170|
27.9|210|170|
41.5|199|171|
42.1|200|171|
43.2|201|171|
37.1|202|171|
42.4|203|171|
33.1|205|171|
39.3|207|171|
28.8|209|171|
26.9|212|171|
19.6|216|171|
17.5|217|171|
49.9|191|172|
49.6|196|172|
48.3|199|172|
44.4|204|172|
43.2|209|172|
42.1|210|172|
35.0|211|172|
37.4|213|172|
34.7|214|172|
34.5|215|172|
31.8|218|172|
24.6|187|173|
21.1|193|173|
18.1|195|173|
15.7|206|173|
16.4|212|173|
10.5|216|173|
55.7|202|174|
54.8|203|174|
57.2|207|174|
57.5|209|174|
51.7|213|174|
40.7|188|175|
40.2|196|175|
33.2|198|175|
29.9|206|175|
26.9|208|175|
29.8|210|175|
26.2|212|175|
27.6|214|175|
23.8|217|175|
2.2|186|176|
8.1|212|176|
6.3|187|177|
5.3|200|177|
9.2|211|177|
18.5|188|178|
11.9|197|178|
16.8|200|178|
9.0|206|178|
10.1|212|178|
8.4|218|178|
23.6|193|179|
18.8|198|179|
15.2|204|179|
12.5|208|179|
10.0|213|179|
6.0|218|179|
28.1|200|180|
18.9|206|180|
11.5|215|180|
10.0|207|181|
47.7|188|182|
45.7|195|182|
44.9|200|182|
38.4|206|182|
38.2|209|182|
33.5|211|182|
33.7|212|182|
34.0|214|182|
28.9|216|182|
22.9|200|183|
3.2|191|186|
3.3|201|186|
3.2|205|186|
2.7|209|186|
2.1|212|186|
2.4|214|186|
3.5|216|186|
21.0|187|187|
12.8|199|187|
14.7|202|187|
15.8|203|187|
13.9|204|187|
10.8|207|187|
10.7|211|187|
39.5|196|188|
24.9|202|188|
19.6|206|188|
10.8|217|188|
25.7|196|189|
25.7|207|189|
28.9|213|189|
7.0|187|190|
18.6|190|190|
18.2|191|190|
18.3|192|190|
17.4|193|190|
17.9|194|190|
18.9|195|190|
19.3|196|190|
19.9|197|190|
19.2|198|190|
18.3|199|190|
17.4|200|190|
17.3|201|190|
17.6|202|190|
17.7|203|190|
17.1|204|190|
16.2|205|190|
16.2|206|190|
15.6|207|190|
14.6|208|190|
13.4|209|190|
61.3|188|191|
61.5|193|191|
52.5|194|191|
42.1|198|191|
43.7|199|191|
43.2|200|191|
37.5|202|191|
35.4|203|191|
33.7|204|191|
33.2|205|191|
31.8|206|191|
32.2|207|191|
30.5|208|191|
22.7|210|191|
27.5|211|191|
26.7|212|191|
25.9|213|191|
24.9|214|191|
24.6|215|191|
24.3|216|191|
23.8|217|191|
50.4|191|192|
50.4|196|192|
55.2|197|192|
57.3|203|192|
57.0|205|192|
46.6|211|192|
46.4|213|192|
46.3|192|193|
58.1|195|193|
48.6|196|193|
59.2|199|193|
52.5|202|193|
45.8|207|193|
40.0|213|193|
34.6|218|193|
31.0|188|194|
28.5|194|194|
33.8|199|194|
35.3|205|194|
35.1|209|194|
32.2|210|194|
27.6|214|194|
27.1|215|194|
23.5|219|194|
