3.5|204|0|
4.0|213|0|
1.6|218|0|
6.2|200|1|
3.7|205|1|
5.9|209|1|
0.5|217|1|
3.0|192|2|
4.2|195|2|
1.1|200|2|
5.0|202|2|
1.7|206|2|
1.4|212|2|
1.8|196|4|
4.3|207|4|
1.1|215|4|
0.2|205|6|
1.0|198|7|
0.7|200|7|
2.6|205|7|
2.0|210|7|
1.7|216|7|
0.0|207|8|
4.1|200|10|
2.2|206|10|
2.9|211|10|
1.1|213|10|
2.6|191|13|
3.0|192|13|
2.5|193|13|
3.2|194|13|
2.7|195|13|
2.8|196|13|
6.8|197|13|
2.3|198|13|
2.0|199|13|
2.5|200|13|
2.3|201|13|
2.1|202|13|
2.1|203|13|
3.5|204|13|
1.9|205|13|
1.6|206|13|
2.9|207|13|
4.1|211|13|
4.9|213|13|
3.2|214|13|
1.3|218|13|
2.0|212|14|
0.6|205|15|
0.8|206|17|
1.2|211|17|
0.5|215|17|
4.6|196|18|
3.1|201|18|
0.9|214|18|
1.1|218|18|
0.8|199|19|
1.4|208|19|
2.0|210|19|
0.5|189|20|
1.2|194|20|
0.7|198|20|
0.6|203|20|
0.5|208|20|
0.5|212|20|
0.9|216|20|
3.5|200|21|
1.5|206|21|
1.6|212|21|
2.7|200|22|
3.0|207|22|
0.9|189|23|
1.0|196|23|
0.4|207|23|
0.4|209|24|
1.3|204|25|
0.8|207|25|
2.5|214|25|
5.9|193|26|
5.6|199|26|
9.7|203|26|
12.1|206|26|
2.7|209|26|
5.9|210|26|
2.2|211|26|
1.8|212|26|
1.6|213|26|
1.7|214|26|
1.4|216|26|
1.9|217|26|
1.7|218|26|
1.3|187|27|
1.6|200|27|
1.4|210|27|
0.9|216|27|
1.1|219|27|
4.5|196|28|
7.5|200|28|
1.8|205|28|
1.9|208|28|
2.7|210|28|
2.5|214|28|
1.1|191|29|
1.8|198|29|
2.3|204|29|
2.6|206|29|
2.0|211|29|
1.3|214|29|
1.6|218|29|
2.6|194|32|
4.7|200|32|
5.0|206|32|
1.9|210|32|
1.6|212|32|
6.1|197|33|
4.2|200|33|
6.5|204|33|
6.3|210|33|
4.4|215|33|
1.4|190|35|
1.3|192|35|
1.8|195|35|
0.6|198|35|
0.5|200|35|
0.8|202|35|
0.8|205|35|
0.6|208|35|
0.7|209|35|
0.7|210|35|
0.3|186|36|
0.5|195|36|
0.4|200|36|
0.4|204|36|
0.2|210|36|
0.4|216|36|
4.5|196|37|
7.2|200|37|
4.5|212|37|
6.1|201|38|
4.8|207|38|
2.8|210|38|
2.9|213|38|
3.0|205|39|
1.7|211|39|
2.6|214|39|
2.2|194|41|
1.9|198|41|
3.1|206|41|
5.4|207|41|
1.8|212|41|
1.2|216|41|
1.0|201|45|
9.6|202|47|
9.2|212|47|
1.0|186|49|
0.6|191|49|
0.6|196|49|
0.5|200|49|
0.8|202|49|
0.9|207|49|
0.8|213|49|
0.4|199|50|
0.7|204|50|
0.5|206|50|
0.7|212|50|
0.6|214|50|
0.6|188|51|
2.3|191|51|
1.8|193|51|
2.3|195|51|
1.8|203|51|
2.5|205|51|
3.8|208|51|
4.8|214|51|
0.5|188|52|
0.5|193|52|
0.4|198|52|
0.3|203|52|
0.5|208|52|
0.4|214|52|
2.5|197|53|
4.2|200|53|
1.3|204|53|
1.7|211|53|
5.1|195|54|
4.8|202|54|
4.0|210|54|
0.7|200|56|
1.2|206|56|
0.3|208|56|
0.4|210|56|
0.4|214|56|
3.8|200|57|
4.7|205|57|
2.9|211|57|
2.5|214|57|
3.0|216|57|
1.2|219|57|
2.0|204|58|
1.5|200|61|
1.3|212|61|
2.5|200|62|
1.8|206|62|
2.1|210|62|
1.6|212|62|
4.3|213|62|
1.3|218|62|
1.1|205|63|
0.6|209|63|
0.1|204|64|
1.6|188|65|
3.8|193|65|
2.5|198|65|
2.8|203|65|
1.8|206|65|
2.4|208|65|
1.4|211|65|
0.7|214|65|
1.1|217|65|
0.4|187|68|
1.5|195|68|
1.4|199|68|
1.6|200|68|
0.8|202|68|
0.2|209|68|
0.1|215|68|
4.0|199|69|
4.2|205|69|
2.8|207|69|
1.1|211|69|
4.1|212|69|
2.9|216|69|
3.6|218|69|
4.8|200|70|
4.5|206|70|
1.0|210|70|
1.4|214|70|
4.3|200|71|
2.6|206|71|
1.2|209|71|
1.7|214|71|
3.0|194|72|
1.5|200|72|
3.3|206|72|
1.3|212|72|
0.8|217|72|
0.3|196|74|
0.2|201|74|
0.3|206|74|
0.3|212|74|
7.0|193|77|
5.7|199|77|
6.8|206|77|
4.6|214|77|
7.7|215|77|
4.9|217|77|
0.9|200|78|
0.8|201|78|
5.1|204|78|
6.8|207|78|
5.4|210|78|
6.7|213|78|
3.5|218|78|
1.4|211|79|
2.4|200|80|
2.7|206|80|
2.7|211|80|
0.9|218|80|
1.2|191|84|
0.3|192|84|
2.6|193|84|
0.9|194|84|
0.8|195|84|
0.1|196|84|
0.3|197|84|
0.9|198|84|
0.9|199|84|
1.5|200|84|
1.0|201|84|
0.7|202|84|
1.1|204|84|
0.9|206|84|
1.2|207|84|
0.3|208|84|
1.5|210|84|
0.8|212|84|
0.5|214|84|
0.2|210|85|
1.5|190|86|
0.6|197|86|
0.8|202|86|
0.2|209|86|
0.7|212|86|
1.8|195|87|
1.0|199|87|
2.3|206|87|
1.7|210|87|
1.1|215|87|
2.6|193|88|
2.4|194|88|
3.1|198|88|
2.9|200|88|
2.4|203|88|
2.4|205|88|
2.1|208|88|
1.0|214|88|
0.4|201|90|
0.5|202|90|
0.7|203|90|
1.1|204|90|
1.0|205|90|
0.6|206|90|
0.8|207|90|
0.5|208|90|
0.3|209|90|
0.6|210|90|
0.4|211|90|
0.6|212|90|
0.7|213|90|
0.6|214|90|
0.8|197|91|
1.0|206|91|
0.3|209|91|
1.3|212|91|
0.8|214|91|
0.7|218|91|
7.5|200|92|
1.7|206|92|
1.4|211|92|
2.4|215|92|
3.0|217|92|
1.6|196|94|
2.9|204|94|
3.0|200|95|
2.2|204|95|
1.5|209|95|
0.6|214|95|
0.8|218|95|
2.2|200|96|
3.0|207|96|
1.0|210|96|
2.0|213|96|
0.7|216|96|
1.5|195|97|
2.9|207|97|
5.3|214|97|
1.2|192|101|
2.5|197|101|
5.6|204|101|
0.9|212|101|
1.0|218|101|
2.1|192|102|
4.1|198|102|
2.9|200|102|
2.5|202|102|
3.2|204|102|
1.5|206|102|
1.5|210|102|
1.1|214|102|
0.6|215|102|
0.6|216|102|
0.3|217|102|
0.1|218|102|
3.5|194|104|
9.2|197|104|
3.5|201|104|
2.7|209|104|
3.2|187|105|
9.8|196|105|
4.2|201|105|
6.1|206|105|
1.9|210|105|
3.4|215|105|
2.6|218|105|
1.1|217|107|
8.0|190|108|
7.2|200|108|
3.8|207|108|
1.1|208|108|
4.0|211|108|
1.9|212|108|
3.5|215|108|
2.3|218|108|
1.7|189|110|
0.7|198|110|
0.4|206|110|
0.4|212|110|
0.4|215|110|
0.3|216|110|
2.4|205|112|
0.5|212|112|
1.9|199|114|
3.0|200|114|
0.1|204|114|
1.1|205|114|
0.5|210|114|
0.4|213|114|
0.4|216|114|
0.3|218|114|
2.2|205|115|
1.2|213|115|
1.5|187|116|
1.1|192|116|
2.0|197|116|
5.0|203|116|
1.0|211|116|
1.1|217|116|
4.3|197|117|
3.6|201|117|
2.1|203|117|
1.3|208|117|
2.4|211|117|
1.7|215|117|
2.9|200|118|
3.7|203|118|
2.1|209|118|
1.3|216|118|
3.2|192|119|
3.0|200|119|
2.0|207|119|
2.8|213|119|
0.2|207|120|
2.8|196|121|
1.4|198|121|
2.8|201|121|
2.7|206|121|
2.9|211|121|
3.2|214|121|
1.9|216|121|
0.9|193|124|
1.5|198|124|
0.9|201|124|
0.0|204|124|
0.5|206|124|
0.7|212|124|
6.7|192|125|
6.5|198|125|
6.1|200|125|
4.3|206|125|
2.7|212|125|
2.5|213|125|
2.7|214|125|
2.1|216|125|
3.0|218|125|
4.4|190|126|
4.7|203|126|
6.6|207|126|
7.7|208|126|
3.1|211|126|
9.0|213|126|
1.8|214|126|
1.8|215|126|
2.9|216|126|
1.8|218|126|
3.5|202|127|
0.5|209|127|
0.6|212|127|
0.5|217|127|
0.4|199|128|
1.3|205|128|
0.2|211|128|
0.8|194|130|
1.3|199|130|
0.8|209|130|
2.4|214|130|
3.1|217|130|
4.8|191|131|
5.0|192|131|
5.8|201|131|
5.7|211|131|
3.3|213|131|
2.4|218|131|
1.4|204|133|
0.7|206|133|
1.0|210|133|
0.3|214|133|
0.3|197|134|
0.4|203|134|
0.3|208|134|
1.2|183|135|
0.8|205|135|
6.4|210|135|
0.2|190|136|
0.4|212|136|
0.4|216|136|
0.6|191|137|
0.7|196|137|
0.4|200|137|
0.1|205|137|
0.2|207|137|
0.2|209|137|
0.1|210|137|
0.1|211|137|
0.1|212|137|
0.2|213|137|
0.1|214|137|
0.1|215|137|
0.1|216|137|
0.1|217|137|
0.1|218|137|
1.6|203|138|
2.0|208|138|
2.0|211|138|
2.4|213|138|
1.6|215|138|
0.8|199|142|
1.1|200|142|
1.0|201|142|
0.7|202|142|
1.8|192|144|
3.8|200|144|
1.7|205|144|
1.6|209|144|
0.9|210|144|
0.5|212|144|
0.4|215|144|
1.3|214|145|
1.2|200|147|
5.0|208|147|
0.8|214|147|
4.5|205|148|
1.2|186|149|
3.0|193|149|
2.9|200|149|
2.3|205|149|
2.3|211|149|
1.2|212|149|
1.9|213|149|
0.7|214|149|
1.5|215|149|
1.2|216|149|
1.5|217|149|
2.2|219|149|
1.8|205|150|
0.8|210|150|
1.1|214|150|
1.2|212|151|
3.9|200|152|
4.2|205|152|
4.6|208|152|
3.2|210|152|
4.3|213|152|
1.0|217|152|
1.1|219|152|
0.5|200|153|
2.0|189|156|
1.4|207|156|
3.6|215|156|
4.4|206|157|
4.3|209|157|
4.2|194|158|
4.3|204|158|
2.4|208|158|
3.1|212|158|
0.6|216|158|
0.2|203|159|
0.1|210|159|
12.9|206|160|
9.9|210|160|
1.6|187|162|
2.4|200|162|
2.8|207|162|
1.9|209|162|
3.0|212|162|
3.0|216|162|
0.7|212|164|
5.7|206|166|
4.1|210|166|
4.5|214|166|
2.0|200|167|
1.0|206|167|
0.8|210|167|
4.5|193|170|
5.4|201|170|
4.8|206|170|
5.5|210|170|
3.5|205|171|
3.0|207|171|
1.3|209|171|
4.1|212|171|
1.2|216|171|
1.8|217|171|
2.8|191|172|
2.9|196|172|
2.0|199|172|
1.0|204|172|
0.8|209|172|
1.3|210|172|
1.7|211|172|
1.5|213|172|
0.9|214|172|
1.2|215|172|
0.4|218|172|
0.9|187|173|
1.4|206|173|
2.2|212|173|
1.4|216|173|
4.9|202|174|
4.5|207|174|
7.6|209|174|
2.1|213|174|
1.4|188|175|
3.6|198|175|
6.3|206|175|
0.7|208|175|
1.0|210|175|
0.7|212|175|
1.5|214|175|
1.1|217|175|
2.1|212|176|
1.2|187|177|
0.9|200|177|
2.1|211|177|
0.6|188|178|
1.2|206|178|
1.7|212|178|
0.9|218|178|
1.0|193|179|
0.8|198|179|
0.4|204|179|
0.3|208|179|
0.5|213|179|
2.1|206|180|
1.1|215|180|
0.9|207|181|
0.9|188|182|
2.0|195|182|
1.5|200|182|
2.2|206|182|
1.4|209|182|
1.5|211|182|
0.3|212|182|
0.9|214|182|
1.3|216|182|
3.8|200|183|
0.1|191|186|
0.0|201|186|
0.1|205|186|
0.0|209|186|
0.0|212|186|
0.8|199|187|
0.5|202|187|
0.9|203|187|
0.7|204|187|
1.0|207|187|
0.0|211|187|
6.1|196|188|
3.9|202|188|
1.6|206|188|
0.3|217|188|
1.9|207|189|
1.5|213|189|
1.3|193|191|
2.8|199|191|
1.0|200|191|
2.4|202|191|
2.8|203|191|
2.8|204|191|
2.8|205|191|
2.5|206|191|
2.4|207|191|
2.5|208|191|
1.2|210|191|
1.6|213|191|
4.8|214|191|
1.4|215|191|
1.2|217|191|
5.4|191|192|
6.8|197|192|
6.4|203|192|
4.4|205|192|
3.4|211|192|
5.4|213|192|
2.2|192|193|
1.7|196|193|
1.8|199|193|
2.3|202|193|
2.3|207|193|
2.5|213|193|
1.5|218|193|
0.4|188|194|
1.7|194|194|
4.1|199|194|
2.9|205|194|
0.5|209|194|
0.8|210|194|
0.7|214|194|
1.1|215|194|
0.3|219|194|
