6.5|197|0|
4.6|204|0|
5.3|213|0|
4.1|218|0|
9.5|197|1|
30.1|200|1|
24.8|205|1|
23.2|209|1|
16.4|217|1|
8.7|192|2|
13.2|195|2|
14.7|200|2|
15.1|202|2|
12.9|206|2|
12.4|212|2|
1.7|196|4|
3.4|215|4|
11.1|194|6|
13.5|196|6|
9.9|205|6|
10.0|219|6|
10.8|198|7|
15.7|200|7|
11.4|205|7|
16.5|210|7|
13.7|216|7|
7.9|195|8|
7.7|207|8|
17.9|214|8|
22.0|217|8|
6.1|196|10|
6.2|200|10|
4.4|201|10|
13.9|206|10|
10.4|211|10|
14.1|213|10|
7.5|189|12|
0.2|186|13|
0.6|190|13|
0.3|191|13|
0.2|192|13|
0.4|193|13|
0.2|194|13|
0.2|195|13|
0.3|196|13|
2.4|197|13|
0.2|198|13|
0.6|199|13|
0.9|200|13|
0.9|201|13|
1.0|202|13|
1.0|203|13|
0.9|204|13|
1.0|205|13|
0.8|206|13|
1.1|207|13|
1.9|211|13|
2.6|213|13|
1.6|214|13|
2.2|218|13|
12.2|212|14|
9.7|205|15|
13.6|206|17|
7.9|211|17|
7.3|215|17|
2.4|196|18|
3.1|201|18|
1.7|214|18|
1.9|218|18|
3.5|187|19|
3.9|199|19|
5.4|208|19|
7.6|210|19|
7.4|189|20|
6.7|194|20|
10.7|198|20|
9.2|203|20|
8.7|208|20|
7.4|212|20|
10.1|216|20|
16.3|200|21|
25.7|206|21|
17.4|212|21|
10.1|200|22|
10.0|207|22|
7.4|189|23|
6.1|196|23|
6.4|207|23|
8.3|209|24|
13.6|204|25|
6.5|207|25|
6.9|214|25|
2.8|193|26|
1.9|199|26|
5.4|203|26|
7.0|206|26|
2.8|210|26|
0.7|211|26|
0.6|212|26|
0.8|213|26|
1.1|214|26|
1.2|216|26|
1.7|217|26|
1.0|218|26|
1.3|187|27|
1.5|200|27|
2.9|210|27|
1.4|216|27|
6.5|196|28|
4.0|200|28|
1.6|205|28|
2.0|208|28|
1.9|210|28|
2.2|214|28|
4.7|191|29|
8.2|198|29|
8.7|204|29|
10.5|206|29|
6.5|211|29|
6.7|214|29|
11.0|218|29|
10.4|204|30|
3.7|194|32|
10.8|200|32|
8.6|206|32|
1.8|210|32|
2.0|212|32|
2.7|197|33|
2.7|200|33|
4.2|204|33|
2.8|210|33|
2.8|215|33|
15.4|186|34|
10.1|194|34|
10.9|195|34|
10.7|196|34|
11.2|198|34|
11.9|199|34|
12.9|201|34|
12.0|202|34|
12.1|203|34|
12.1|204|34|
11.7|206|34|
9.8|207|34|
9.5|208|34|
10.1|213|34|
9.3|214|34|
5.3|190|35|
7.2|192|35|
13.6|195|35|
5.5|198|35|
3.4|200|35|
9.2|202|35|
5.9|205|35|
5.8|208|35|
5.7|209|35|
6.6|210|35|
9.1|213|35|
4.2|186|36|
4.5|195|36|
5.3|200|36|
4.2|204|36|
4.8|210|36|
5.7|216|36|
5.3|196|37|
21.5|200|37|
10.6|212|37|
6.7|201|38|
7.0|207|38|
4.9|210|38|
4.4|213|38|
1.6|187|39|
8.5|205|39|
3.5|211|39|
5.9|214|39|
9.5|196|40|
8.1|208|40|
2.5|194|41|
4.6|198|41|
9.1|206|41|
4.9|207|41|
3.2|212|41|
1.5|216|41|
6.7|191|45|
4.4|201|45|
8.4|202|47|
8.1|212|47|
3.8|186|49|
4.3|191|49|
6.7|196|49|
6.9|200|49|
8.6|202|49|
7.4|206|49|
8.3|207|49|
7.6|213|49|
2.6|199|50|
5.3|204|50|
5.2|206|50|
7.5|212|50|
8.0|214|50|
6.9|188|51|
14.9|191|51|
14.3|193|51|
14.6|195|51|
9.2|203|51|
14.1|205|51|
20.4|208|51|
15.7|214|51|
3.0|188|52|
3.7|193|52|
3.9|198|52|
5.8|203|52|
5.7|208|52|
6.4|214|52|
3.4|197|53|
14.0|200|53|
8.3|204|53|
9.7|211|53|
1.3|195|54|
1.6|202|54|
2.1|210|54|
14.9|200|56|
11.1|206|56|
10.7|210|56|
9.0|214|56|
2.0|200|57|
5.1|205|57|
1.8|211|57|
2.6|214|57|
2.9|216|57|
2.1|219|57|
2.2|193|58|
5.1|204|58|
5.5|200|61|
7.7|212|61|
3.0|200|62|
2.7|206|62|
1.9|210|62|
1.1|212|62|
3.2|213|62|
2.5|218|62|
17.9|199|63|
20.8|205|63|
19.9|209|63|
3.5|204|64|
3.2|216|64|
0.8|188|65|
2.5|193|65|
2.7|198|65|
4.5|203|65|
2.6|206|65|
5.7|208|65|
2.6|211|65|
2.6|214|65|
1.4|217|65|
2.4|187|68|
6.2|195|68|
6.9|199|68|
7.3|200|68|
5.2|202|68|
4.9|209|68|
4.9|215|68|
4.4|199|69|
5.2|205|69|
3.0|211|69|
3.8|212|69|
4.0|216|69|
5.6|218|69|
5.0|200|70|
16.9|206|70|
2.8|210|70|
2.3|214|70|
1.9|197|71|
5.5|200|71|
6.8|206|71|
6.7|209|71|
5.3|214|71|
4.3|194|72|
3.1|200|72|
3.9|206|72|
3.6|212|72|
3.4|217|72|
2.7|187|74|
2.8|196|74|
3.0|201|74|
5.8|206|74|
5.2|212|74|
2.9|193|77|
5.9|197|77|
2.9|199|77|
1.9|206|77|
2.4|215|77|
1.6|217|77|
6.5|196|78|
1.5|200|78|
1.5|201|78|
5.1|204|78|
11.2|207|78|
12.3|210|78|
11.5|213|78|
8.0|218|78|
5.5|195|79|
6.9|198|79|
5.5|200|80|
15.0|206|80|
11.4|211|80|
6.1|218|80|
2.3|191|84|
3.1|192|84|
4.6|193|84|
6.2|194|84|
5.9|195|84|
3.8|196|84|
5.5|197|84|
4.3|198|84|
6.3|199|84|
7.3|200|84|
5.8|201|84|
8.5|202|84|
7.5|204|84|
6.1|206|84|
8.7|207|84|
7.8|208|84|
4.1|210|84|
7.8|212|84|
8.3|214|84|
1.5|210|85|
8.5|190|86|
4.3|197|86|
4.5|202|86|
6.6|209|86|
4.7|212|86|
4.1|195|87|
4.9|199|87|
16.9|206|87|
13.3|210|87|
9.3|215|87|
5.8|193|88|
5.1|194|88|
5.8|198|88|
8.1|200|88|
5.8|203|88|
7.9|205|88|
5.0|208|88|
4.1|214|88|
15.9|185|89|
8.9|196|90|
11.0|201|90|
6.6|202|90|
6.8|203|90|
7.1|204|90|
7.5|205|90|
8.7|206|90|
8.5|207|90|
9.3|208|90|
9.0|209|90|
7.8|210|90|
8.3|211|90|
9.5|212|90|
7.8|213|90|
8.7|214|90|
6.0|215|90|
6.8|216|90|
5.5|217|90|
8.1|197|91|
10.7|206|91|
4.4|209|91|
8.9|212|91|
7.0|214|91|
6.9|218|91|
2.7|200|92|
1.3|206|92|
2.0|211|92|
2.5|215|92|
3.5|217|92|
20.8|196|94|
16.7|204|94|
21.0|200|95|
6.7|204|95|
7.3|209|95|
7.5|214|95|
6.6|218|95|
4.6|200|96|
4.2|207|96|
2.7|210|96|
3.2|213|96|
2.7|216|96|
13.4|195|97|
22.4|207|97|
29.6|214|97|
1.6|192|101|
2.2|197|101|
6.2|204|101|
1.1|212|101|
1.4|218|101|
9.8|192|102|
17.3|198|102|
8.8|200|102|
10.0|202|102|
10.2|204|102|
11.3|206|102|
4.9|209|102|
9.0|210|102|
5.1|214|102|
4.6|215|102|
1.5|216|102|
2.5|218|102|
5.5|199|103|
7.1|215|103|
6.0|216|103|
1.2|194|104|
2.2|195|104|
9.8|197|104|
3.9|201|104|
6.2|209|104|
0.5|187|105|
2.3|196|105|
3.1|201|105|
4.6|206|105|
1.0|210|105|
1.9|215|105|
2.0|218|105|
4.1|217|107|
6.8|190|108|
3.8|200|108|
2.3|207|108|
1.0|208|108|
3.2|211|108|
1.2|212|108|
1.3|215|108|
1.5|218|108|
8.8|185|109|
6.5|195|109|
6.1|188|110|
11.0|189|110|
7.5|198|110|
7.5|206|110|
9.0|212|110|
5.2|215|110|
5.3|216|110|
8.9|205|112|
4.9|212|112|
7.0|199|114|
12.7|200|114|
6.1|204|114|
14.2|205|114|
6.7|210|114|
10.5|213|114|
11.7|216|114|
10.5|218|114|
15.7|205|115|
22.3|213|115|
5.6|187|116|
10.8|192|116|
13.7|197|116|
13.4|203|116|
10.8|211|116|
10.9|217|116|
5.9|197|117|
8.8|201|117|
6.3|203|117|
3.6|208|117|
7.8|211|117|
7.0|215|117|
9.7|197|118|
2.4|200|118|
6.9|203|118|
2.6|209|118|
1.5|216|118|
4.5|192|119|
3.3|200|119|
4.7|207|119|
4.0|213|119|
2.8|207|120|
0.7|196|121|
0.4|198|121|
0.7|201|121|
0.6|206|121|
1.5|211|121|
2.1|214|121|
1.2|216|121|
5.5|193|124|
6.9|198|124|
7.2|201|124|
5.2|204|124|
6.2|206|124|
8.3|212|124|
2.0|192|125|
1.1|198|125|
1.7|200|125|
3.5|206|125|
0.8|212|125|
0.4|213|125|
0.5|214|125|
1.1|216|125|
1.0|218|125|
3.3|190|126|
5.5|193|126|
6.3|203|126|
13.3|207|126|
10.4|208|126|
3.0|211|126|
5.0|213|126|
1.8|214|126|
1.6|215|126|
1.5|216|126|
2.1|218|126|
0.9|202|127|
0.0|209|127|
2.3|217|127|
9.6|199|128|
16.2|205|128|
12.4|211|128|
8.4|191|130|
1.0|194|130|
1.6|199|130|
1.7|209|130|
4.4|214|130|
4.2|217|130|
7.8|186|131|
5.4|191|131|
1.6|192|131|
4.8|201|131|
6.4|211|131|
4.8|213|131|
2.5|218|131|
4.0|196|133|
9.0|204|133|
11.4|206|133|
5.3|210|133|
8.2|214|133|
6.4|197|134|
11.1|203|134|
9.7|208|134|
3.1|183|135|
3.4|205|135|
13.7|210|135|
6.3|190|136|
7.1|205|136|
11.3|212|136|
12.4|216|136|
9.3|191|137|
9.9|196|137|
11.8|200|137|
9.1|205|137|
10.0|207|137|
10.3|209|137|
8.0|210|137|
8.8|211|137|
7.2|212|137|
8.4|213|137|
8.8|214|137|
8.2|215|137|
7.7|216|137|
8.0|217|137|
8.6|218|137|
1.7|192|138|
1.9|198|138|
2.4|203|138|
3.3|208|138|
3.7|211|138|
4.5|213|138|
3.3|215|138|
4.0|218|138|
10.4|195|141|
4.0|191|142|
10.1|199|142|
8.9|200|142|
9.1|201|142|
8.3|202|142|
4.0|192|144|
7.1|200|144|
6.7|205|144|
6.9|210|144|
6.0|212|144|
5.6|215|144|
6.2|199|145|
5.3|214|145|
9.3|200|147|
15.4|206|147|
11.1|208|147|
2.4|214|147|
1.2|194|148|
6.1|205|148|
2.3|186|149|
4.0|192|149|
4.0|193|149|
3.2|200|149|
2.5|205|149|
2.7|211|149|
0.7|212|149|
1.4|213|149|
1.3|214|149|
1.0|215|149|
0.9|216|149|
0.9|217|149|
2.6|219|149|
19.3|205|150|
15.6|210|150|
13.9|214|150|
5.8|188|151|
10.2|212|151|
4.8|200|152|
5.9|205|152|
10.1|208|152|
9.6|210|152|
8.8|213|152|
2.0|217|152|
4.5|219|152|
2.6|200|153|
1.9|189|156|
2.5|207|156|
4.5|215|156|
4.7|206|157|
3.0|209|157|
13.6|194|158|
10.3|195|158|
10.4|199|158|
17.2|204|158|
13.3|208|158|
17.2|212|158|
13.3|216|158|
6.2|203|159|
7.3|210|159|
10.9|206|160|
6.0|210|160|
0.3|187|162|
1.0|200|162|
1.6|207|162|
0.8|209|162|
0.6|212|162|
2.0|216|162|
6.3|212|164|
4.2|206|166|
1.5|210|166|
3.0|214|166|
2.9|200|167|
4.0|206|167|
4.0|210|167|
15.0|193|170|
19.7|201|170|
18.7|206|170|
17.9|210|170|
6.8|205|171|
12.0|207|171|
4.2|209|171|
6.7|212|171|
3.7|216|171|
3.3|217|171|
5.8|191|172|
4.6|196|172|
3.3|199|172|
4.9|204|172|
4.7|209|172|
5.4|210|172|
5.1|211|172|
5.1|213|172|
3.7|215|172|
2.8|218|172|
1.3|187|173|
4.7|195|173|
8.0|206|173|
10.9|212|173|
8.2|216|173|
5.7|202|174|
1.5|207|174|
5.8|209|174|
1.6|213|174|
2.9|188|175|
2.3|198|175|
4.8|206|175|
1.6|210|175|
1.7|212|175|
2.0|214|175|
1.5|217|175|
17.3|212|176|
3.5|187|177|
5.0|200|177|
11.4|211|177|
3.7|188|178|
1.4|197|178|
8.8|206|178|
14.3|212|178|
17.2|218|178|
4.9|193|179|
3.8|198|179|
8.8|204|179|
9.8|208|179|
11.1|213|179|
8.1|218|179|
4.5|206|180|
5.9|215|180|
6.3|207|181|
3.6|188|182|
5.0|195|182|
4.9|200|182|
4.9|206|182|
3.2|209|182|
3.8|211|182|
5.8|212|182|
3.6|214|182|
3.7|216|182|
26.5|200|183|
5.4|191|186|
7.0|201|186|
8.1|205|186|
7.8|209|186|
6.0|212|186|
8.2|214|186|
9.4|216|186|
9.0|199|187|
10.0|202|187|
11.5|203|187|
9.4|204|187|
7.9|207|187|
7.2|211|187|
15.9|196|188|
11.0|202|188|
12.2|206|188|
4.6|217|188|
4.7|207|189|
4.9|213|189|
9.0|187|190|
4.0|190|190|
4.3|191|190|
4.9|192|190|
4.9|193|190|
5.0|194|190|
4.7|195|190|
4.7|196|190|
5.0|197|190|
4.9|198|190|
5.2|199|190|
5.3|200|190|
5.4|201|190|
5.4|202|190|
5.3|203|190|
5.2|204|190|
5.5|205|190|
6.1|206|190|
6.1|207|190|
6.3|208|190|
6.4|209|190|
2.9|193|191|
1.4|198|191|
1.8|199|191|
2.6|200|191|
2.6|202|191|
2.2|203|191|
2.7|204|191|
2.6|205|191|
3.1|206|191|
2.9|207|191|
3.0|208|191|
4.5|210|191|
4.8|212|191|
4.6|213|191|
3.5|214|191|
5.3|215|191|
5.9|217|191|
8.1|191|192|
6.9|196|192|
3.7|197|192|
4.9|203|192|
6.3|205|192|
1.5|211|192|
2.5|213|192|
4.7|192|193|
6.2|196|193|
14.0|199|193|
5.9|202|193|
8.4|207|193|
6.2|213|193|
5.2|218|193|
5.4|188|194|
6.4|194|194|
10.5|199|194|
8.8|205|194|
3.5|209|194|
5.8|210|194|
3.6|214|194|
5.6|215|194|
2.5|219|194|
