44.9|197|0|
32.9|204|0|
24.6|213|0|
19.1|218|0|
7.1|197|1|
17.0|200|1|
6.6|205|1|
6.3|209|1|
1.5|217|1|
8.0|187|2|
9.2|192|2|
11.3|195|2|
5.4|200|2|
11.1|202|2|
3.4|206|2|
3.0|212|2|
36.2|196|4|
15.6|207|4|
19.0|215|4|
1.7|194|6|
4.7|196|6|
2.3|205|6|
1.7|219|6|
2.7|198|7|
2.6|200|7|
4.2|205|7|
5.3|210|7|
2.6|216|7|
0.0|195|8|
0.2|207|8|
8.8|196|10|
14.0|200|10|
5.9|201|10|
8.4|206|10|
6.5|211|10|
4.9|213|10|
6.3|189|12|
7.6|195|12|
66.8|186|13|
61.5|190|13|
61.2|191|13|
60.6|192|13|
56.1|193|13|
58.0|194|13|
55.2|195|13|
54.0|196|13|
53.6|197|13|
50.7|198|13|
49.5|199|13|
42.4|200|13|
43.2|201|13|
41.0|202|13|
38.9|203|13|
42.8|204|13|
37.3|205|13|
37.9|206|13|
41.3|207|13|
36.7|211|13|
35.1|213|13|
32.8|214|13|
21.9|218|13|
3.5|212|14|
1.3|205|15|
5.4|192|17|
5.0|206|17|
6.2|211|17|
4.6|215|17|
26.2|196|18|
19.5|201|18|
18.0|214|18|
16.8|218|18|
34.0|187|19|
14.1|199|19|
10.4|208|19|
12.7|210|19|
9.8|188|20|
7.8|189|20|
9.7|190|20|
10.2|191|20|
10.5|192|20|
11.0|194|20|
5.9|198|20|
5.8|203|20|
4.5|208|20|
3.6|212|20|
3.4|216|20|
4.2|200|21|
1.6|206|21|
1.6|212|21|
15.1|196|22|
11.1|200|22|
11.8|207|22|
5.6|189|23|
4.5|196|23|
3.7|202|23|
2.2|207|23|
9.6|209|24|
1.6|204|25|
2.5|207|25|
1.9|214|25|
28.7|193|26|
30.9|199|26|
35.2|203|26|
35.9|206|26|
26.0|209|26|
26.2|210|26|
25.1|211|26|
24.3|212|26|
20.9|213|26|
20.0|214|26|
18.9|216|26|
16.2|217|26|
17.7|218|26|
33.6|187|27|
39.1|200|27|
35.2|205|27|
29.1|210|27|
29.3|216|27|
27.2|219|27|
42.6|196|28|
39.7|200|28|
28.3|205|28|
28.3|208|28|
28.9|210|28|
24.1|214|28|
12.9|191|29|
17.3|198|29|
15.1|204|29|
16.5|206|29|
15.2|211|29|
14.8|214|29|
11.0|218|29|
13.7|185|31|
11.8|194|31|
24.0|194|32|
21.3|200|32|
26.1|206|32|
23.5|210|32|
24.5|212|32|
20.8|218|32|
34.3|197|33|
29.2|200|33|
33.8|204|33|
30.3|210|33|
29.4|215|33|
2.2|186|34|
0.8|194|34|
0.8|195|34|
0.7|196|34|
0.7|198|34|
0.7|199|34|
0.7|201|34|
0.7|202|34|
0.6|203|34|
0.6|204|34|
0.6|206|34|
0.6|207|34|
0.5|208|34|
0.5|213|34|
0.5|214|34|
18.7|187|35|
12.6|190|35|
14.2|192|35|
10.7|195|35|
6.9|198|35|
7.4|200|35|
6.8|202|35|
4.5|205|35|
3.8|208|35|
3.4|209|35|
3.4|210|35|
2.4|213|35|
8.9|186|36|
8.8|189|36|
6.3|195|36|
4.9|200|36|
5.0|204|36|
3.4|210|36|
3.7|216|36|
15.2|192|37|
21.1|196|37|
25.1|200|37|
16.9|212|37|
30.7|195|38|
30.3|201|38|
25.6|207|38|
24.2|210|38|
23.4|213|38|
16.4|187|39|
11.9|205|39|
11.8|211|39|
12.3|214|39|
2.4|189|40|
2.5|190|40|
2.2|191|40|
2.0|192|40|
2.0|193|40|
1.9|194|40|
3.8|196|40|
1.1|208|40|
10.8|186|41|
20.3|194|41|
18.2|198|41|
16.5|206|41|
29.4|207|41|
15.7|212|41|
12.8|216|41|
3.4|200|43|
0.9|191|45|
2.1|201|45|
20.2|189|47|
16.0|196|47|
24.4|202|47|
29.9|212|47|
8.7|186|49|
8.4|191|49|
4.7|196|49|
3.3|200|49|
4.2|202|49|
4.6|206|49|
3.4|207|49|
4.0|213|49|
14.5|186|50|
10.4|199|50|
6.7|204|50|
6.8|206|50|
6.4|212|50|
5.1|214|50|
9.4|188|51|
10.5|191|51|
8.2|193|51|
10.8|195|51|
10.2|197|51|
9.4|198|51|
8.7|203|51|
5.4|205|51|
6.8|208|51|
7.0|214|51|
11.1|188|52|
8.0|193|52|
9.7|198|52|
6.1|203|52|
6.7|208|52|
5.0|214|52|
13.8|197|53|
15.7|200|53|
10.6|204|53|
5.6|211|53|
36.9|193|54|
39.6|195|54|
34.3|202|54|
39.4|210|54|
9.1|200|56|
6.0|206|56|
7.3|208|56|
5.9|210|56|
5.8|214|56|
41.9|192|57|
42.0|200|57|
34.4|205|57|
29.2|211|57|
25.2|214|57|
23.6|216|57|
21.1|219|57|
6.9|193|58|
5.3|204|58|
9.0|200|61|
6.4|212|61|
23.2|196|62|
15.4|200|62|
15.8|206|62|
17.4|210|62|
17.9|212|62|
16.5|213|62|
10.3|218|62|
2.7|199|63|
2.4|205|63|
1.1|209|63|
1.1|204|64|
0.5|216|64|
24.8|188|65|
25.8|193|65|
20.1|198|65|
19.0|203|65|
13.9|206|65|
14.4|208|65|
13.4|211|65|
11.2|214|65|
12.6|217|65|
27.9|187|68|
21.7|195|68|
20.3|199|68|
18.8|200|68|
18.2|202|68|
14.1|209|68|
12.4|215|68|
21.2|194|69|
20.0|199|69|
22.7|205|69|
20.8|207|69|
16.0|211|69|
18.8|212|69|
18.3|216|69|
16.3|218|69|
19.8|200|70|
17.4|206|70|
18.0|210|70|
17.0|214|70|
16.1|193|71|
10.3|197|71|
11.9|200|71|
10.8|206|71|
11.0|209|71|
8.2|214|71|
23.7|190|72|
23.8|194|72|
13.9|200|72|
18.9|206|72|
11.6|212|72|
9.5|217|72|
18.1|187|74|
15.8|192|74|
16.1|194|74|
17.9|196|74|
12.8|201|74|
8.7|206|74|
7.1|212|74|
55.5|189|77|
52.8|192|77|
51.2|193|77|
38.4|197|77|
46.3|199|77|
43.5|206|77|
29.4|214|77|
36.3|215|77|
33.4|217|77|
35.9|187|78|
31.0|189|78|
29.8|192|78|
30.3|196|78|
25.8|198|78|
22.8|199|78|
24.8|200|78|
23.4|201|78|
23.0|202|78|
23.1|203|78|
19.7|204|78|
24.4|205|78|
19.6|207|78|
18.6|210|78|
19.9|213|78|
17.7|218|78|
13.8|195|79|
9.5|198|79|
4.6|204|79|
4.1|211|79|
10.4|191|80|
12.8|200|80|
10.1|203|80|
8.0|204|80|
7.1|206|80|
7.2|211|80|
3.9|218|80|
6.3|189|84|
5.6|191|84|
5.7|192|84|
6.1|193|84|
4.6|194|84|
4.8|195|84|
5.6|196|84|
3.5|197|84|
3.8|198|84|
2.1|199|84|
3.9|200|84|
4.0|201|84|
2.7|202|84|
3.1|204|84|
4.8|206|84|
1.8|207|84|
2.4|208|84|
3.4|210|84|
2.7|212|84|
2.2|214|84|
3.4|210|85|
5.1|190|86|
3.8|197|86|
3.7|202|86|
1.9|209|86|
3.0|212|86|
4.4|195|87|
3.8|199|87|
4.9|206|87|
3.7|210|87|
2.0|215|87|
19.4|193|88|
17.9|194|88|
17.5|198|88|
17.1|200|88|
16.4|203|88|
18.0|205|88|
16.5|208|88|
11.2|214|88|
11.3|185|89|
15.1|209|89|
1.5|196|90|
2.2|201|90|
2.1|202|90|
2.3|203|90|
2.8|204|90|
2.7|205|90|
2.7|206|90|
2.9|207|90|
2.3|208|90|
1.7|209|90|
1.7|210|90|
2.1|211|90|
2.2|212|90|
3.1|213|90|
3.0|214|90|
10.4|197|91|
2.7|206|91|
4.7|209|91|
3.8|212|91|
2.8|214|91|
1.8|218|91|
39.8|193|92|
35.9|194|92|
35.6|200|92|
31.6|206|92|
26.6|211|92|
25.5|215|92|
21.1|217|92|
3.5|196|94|
4.2|204|94|
13.8|192|95|
18.9|193|95|
14.9|200|95|
16.6|204|95|
13.4|209|95|
10.5|214|95|
10.5|218|95|
22.8|200|96|
20.4|207|96|
16.6|210|96|
15.3|213|96|
13.6|216|96|
4.2|195|97|
5.6|207|97|
11.7|214|97|
35.2|192|101|
40.9|193|101|
30.4|195|101|
38.0|197|101|
36.7|204|101|
32.6|212|101|
26.4|218|101|
24.4|192|102|
26.5|195|102|
24.5|198|102|
21.5|200|102|
21.7|202|102|
18.6|204|102|
15.6|206|102|
12.1|209|102|
13.9|210|102|
16.7|214|102|
11.8|215|102|
15.0|216|102|
11.2|217|102|
11.8|218|102|
22.1|190|103|
23.1|191|103|
22.6|192|103|
20.5|193|103|
19.7|194|103|
17.7|195|103|
16.7|199|103|
12.9|206|103|
12.4|215|103|
13.7|216|103|
32.5|194|104|
39.0|195|104|
36.7|197|104|
25.7|201|104|
17.7|209|104|
28.6|187|105|
37.7|196|105|
30.0|201|105|
27.9|206|105|
18.9|210|105|
25.0|215|105|
18.6|218|105|
11.9|217|107|
43.1|190|108|
20.3|196|108|
29.7|200|108|
25.5|207|108|
16.5|208|108|
24.4|211|108|
20.2|212|108|
24.9|215|108|
19.2|218|108|
21.1|185|109|
13.0|195|109|
12.4|188|110|
9.6|189|110|
10.3|196|110|
5.6|198|110|
3.4|206|110|
2.8|212|110|
3.9|215|110|
4.2|216|110|
3.2|205|112|
2.2|212|112|
11.8|192|114|
10.8|199|114|
11.6|200|114|
4.8|204|114|
5.3|205|114|
4.7|210|114|
1.6|213|114|
0.8|216|114|
1.8|218|114|
2.2|205|115|
1.0|213|115|
10.4|187|116|
8.1|192|116|
7.7|197|116|
9.8|203|116|
2.9|211|116|
2.6|217|116|
23.9|195|117|
26.3|197|117|
24.5|201|117|
21.2|203|117|
18.2|208|117|
15.6|211|117|
15.6|215|117|
32.5|190|118|
37.0|191|118|
31.2|194|118|
38.7|195|118|
28.1|197|118|
30.0|200|118|
29.2|203|118|
22.6|209|118|
18.5|216|118|
21.4|192|119|
20.2|200|119|
17.4|207|119|
13.2|213|119|
4.8|207|120|
42.6|195|121|
47.1|196|121|
38.2|198|121|
42.8|201|121|
38.5|206|121|
29.1|211|121|
30.1|214|121|
27.2|216|121|
9.6|193|124|
10.3|198|124|
7.7|201|124|
4.3|204|124|
5.7|206|124|
4.6|212|124|
45.0|185|125|
38.7|192|125|
46.9|198|125|
43.1|200|125|
39.9|206|125|
32.1|212|125|
33.1|213|125|
34.6|214|125|
32.0|216|125|
37.5|218|125|
33.1|190|126|
35.1|193|126|
26.7|203|126|
23.3|207|126|
26.7|208|126|
24.2|211|126|
31.0|213|126|
20.6|214|126|
19.5|215|126|
31.5|216|126|
21.8|218|126|
55.5|198|127|
24.7|200|127|
17.8|202|127|
20.6|204|127|
18.8|209|127|
15.2|212|127|
9.3|217|127|
1.9|199|128|
1.8|205|128|
1.3|211|128|
18.6|191|130|
10.4|194|130|
13.0|199|130|
8.6|209|130|
9.7|214|130|
11.2|217|130|
44.4|186|131|
39.0|191|131|
35.3|192|131|
34.2|195|131|
31.2|201|131|
30.9|211|131|
31.8|213|131|
23.1|218|131|
3.6|196|133|
3.3|204|133|
2.6|206|133|
3.7|210|133|
1.4|214|133|
5.0|197|134|
5.3|203|134|
3.9|208|134|
22.8|183|135|
18.1|205|135|
27.8|210|135|
2.8|190|136|
3.4|205|136|
2.6|212|136|
1.3|216|136|
8.8|191|137|
5.7|196|137|
5.2|200|137|
5.4|205|137|
4.3|207|137|
4.3|209|137|
4.3|210|137|
4.2|211|137|
3.4|212|137|
3.6|213|137|
3.2|214|137|
3.4|215|137|
3.2|216|137|
3.2|217|137|
2.6|218|137|
29.3|187|138|
29.9|190|138|
29.8|192|138|
26.3|193|138|
28.3|198|138|
20.7|203|138|
20.7|208|138|
20.2|211|138|
19.9|213|138|
21.4|215|138|
19.1|218|138|
4.8|195|141|
5.0|191|142|
3.4|199|142|
3.7|200|142|
3.8|201|142|
3.5|202|142|
24.2|192|144|
22.6|196|144|
20.3|200|144|
17.9|205|144|
15.8|209|144|
11.7|210|144|
12.0|212|144|
8.9|215|144|
1.7|199|145|
3.2|214|145|
14.5|186|147|
10.2|200|147|
8.0|206|147|
14.8|208|147|
8.8|214|147|
13.5|194|148|
5.3|205|148|
17.0|186|149|
20.4|192|149|
19.0|193|149|
19.6|196|149|
17.8|200|149|
14.5|205|149|
18.4|211|149|
14.4|212|149|
16.7|213|149|
12.8|214|149|
16.1|215|149|
13.8|216|149|
14.4|217|149|
13.3|219|149|
1.8|205|150|
1.6|210|150|
1.8|214|150|
5.0|188|151|
3.6|212|151|
23.7|189|152|
25.4|190|152|
23.4|200|152|
27.2|205|152|
21.5|208|152|
21.7|210|152|
18.2|213|152|
13.6|217|152|
13.6|219|152|
3.3|200|153|
16.3|189|156|
11.5|207|156|
16.2|215|156|
22.8|200|157|
32.8|206|157|
22.5|209|157|
14.9|194|158|
8.0|195|158|
9.8|199|158|
12.1|204|158|
8.8|208|158|
8.5|212|158|
5.9|216|158|
0.9|203|159|
0.7|210|159|
32.5|206|160|
27.7|210|160|
32.8|187|162|
33.8|193|162|
29.3|195|162|
22.8|200|162|
21.1|207|162|
21.6|209|162|
26.1|212|162|
20.5|216|162|
2.8|212|164|
27.0|206|166|
29.8|210|166|
33.0|214|166|
11.1|200|167|
7.5|206|167|
5.8|210|167|
11.5|193|170|
11.3|195|170|
6.0|200|170|
11.1|201|170|
10.0|206|170|
10.4|210|170|
14.9|205|171|
15.1|207|171|
8.3|209|171|
13.3|212|171|
6.4|216|171|
7.6|217|171|
24.8|191|172|
26.8|196|172|
25.3|199|172|
16.7|204|172|
16.4|209|172|
16.1|210|172|
14.1|211|172|
13.1|213|172|
13.4|214|172|
13.7|215|172|
14.6|218|172|
20.2|187|173|
16.3|193|173|
15.4|195|173|
7.0|206|173|
9.2|212|173|
6.7|216|173|
40.6|202|174|
41.5|203|174|
49.5|207|174|
44.9|209|174|
37.5|213|174|
21.7|188|175|
16.7|196|175|
23.8|198|175|
23.3|206|175|
20.5|208|175|
16.6|210|175|
16.5|212|175|
16.1|214|175|
15.2|217|175|
1.9|212|176|
6.2|187|177|
4.3|200|177|
4.9|211|177|
7.9|188|178|
3.3|197|178|
3.5|200|178|
3.3|206|178|
2.3|212|178|
1.6|218|178|
8.7|193|179|
9.0|195|179|
7.0|198|179|
3.5|204|179|
1.9|208|179|
2.3|213|179|
1.5|218|179|
10.5|200|180|
9.2|206|180|
3.2|215|180|
1.6|207|181|
19.7|188|182|
20.8|195|182|
19.2|200|182|
16.3|206|182|
15.7|209|182|
14.1|211|182|
11.9|212|182|
11.7|214|182|
10.4|216|182|
4.1|200|183|
0.9|191|186|
1.1|201|186|
1.1|205|186|
0.8|209|186|
0.5|212|186|
6.5|187|187|
4.7|199|187|
5.4|202|187|
5.1|203|187|
6.0|204|187|
4.2|207|187|
4.0|211|187|
13.3|196|188|
7.4|202|188|
4.4|206|188|
2.9|217|188|
10.6|196|189|
11.5|207|189|
11.7|213|189|
3.9|187|190|
6.7|190|190|
5.4|191|190|
4.5|192|190|
4.0|193|190|
3.9|194|190|
4.1|195|190|
4.4|196|190|
4.5|197|190|
4.6|198|190|
4.1|199|190|
3.9|200|190|
4.0|201|190|
4.2|202|190|
4.6|203|190|
4.5|204|190|
4.1|205|190|
3.9|206|190|
3.7|207|190|
3.2|208|190|
2.9|209|190|
40.7|188|191|
36.6|193|191|
40.6|194|191|
35.8|198|191|
31.1|199|191|
26.7|200|191|
23.4|202|191|
24.6|203|191|
23.8|204|191|
22.7|205|191|
22.1|206|191|
22.6|207|191|
20.2|208|191|
11.7|210|191|
16.8|211|191|
16.2|212|191|
15.3|213|191|
14.5|214|191|
14.1|215|191|
13.8|216|191|
13.4|217|191|
29.9|191|192|
34.2|196|192|
43.0|197|192|
45.3|203|192|
36.7|205|192|
35.5|211|192|
39.9|213|192|
21.2|192|193|
19.6|196|193|
19.6|199|193|
23.2|202|193|
14.9|207|193|
14.9|213|193|
11.8|218|193|
10.5|187|194|
8.0|188|194|
11.8|194|194|
11.5|199|194|
14.0|205|194|
11.7|209|194|
10.2|210|194|
11.2|214|194|
8.5|215|194|
9.7|219|194|
