65.9|190|0|
64.5|191|0|
63.2|192|0|
61.8|193|0|
60.4|194|0|
58.8|195|0|
57.2|196|0|
55.4|197|0|
53.9|198|0|
52.3|199|0|
50.9|200|0|
49.6|201|0|
48.2|202|0|
47.1|203|0|
46.2|204|0|
45.4|205|0|
44.9|206|0|
44.5|207|0|
44.2|208|0|
44.3|209|0|
44.2|210|0|
44.3|211|0|
44.5|212|0|
44.8|213|0|
45.2|214|0|
45.8|215|0|
46.4|216|0|
36.9|190|1|
35.2|191|1|
33.6|192|1|
32.1|193|1|
30.7|194|1|
29.5|195|1|
28.5|196|1|
27.5|197|1|
26.7|198|1|
26.0|199|1|
25.4|200|1|
24.9|201|1|
24.4|202|1|
24.0|203|1|
23.7|204|1|
23.3|205|1|
23.0|206|1|
22.6|207|1|
22.3|208|1|
22.0|209|1|
22.0|210|1|
22.0|211|1|
22.3|212|1|
22.7|213|1|
23.3|214|1|
24.0|215|1|
24.9|216|1|
48.4|190|2|
47.2|191|2|
46.0|192|2|
44.9|193|2|
43.7|194|2|
42.6|195|2|
41.4|196|2|
40.3|197|2|
39.2|198|2|
38.0|199|2|
37.1|200|2|
36.3|201|2|
35.7|202|2|
35.0|203|2|
34.5|204|2|
33.9|205|2|
33.2|206|2|
32.4|207|2|
31.8|208|2|
31.2|209|2|
30.7|210|2|
30.3|211|2|
29.9|212|2|
29.7|213|2|
29.6|214|2|
29.7|215|2|
30.0|216|2|
16.4|190|3|
15.3|191|3|
14.4|192|3|
13.6|193|3|
13.0|194|3|
12.4|195|3|
12.0|196|3|
11.6|197|3|
11.3|198|3|
11.1|199|3|
10.9|200|3|
10.7|201|3|
10.6|202|3|
10.5|203|3|
10.4|204|3|
10.4|205|3|
10.3|206|3|
10.3|207|3|
10.2|208|3|
10.3|209|3|
10.4|210|3|
10.5|211|3|
10.7|212|3|
11.1|213|3|
11.5|214|3|
12.1|215|3|
12.8|216|3|
71.7|190|4|
71.4|191|4|
71.1|192|4|
70.8|193|4|
70.4|194|4|
70.0|195|4|
69.4|196|4|
68.7|197|4|
67.9|198|4|
67.1|199|4|
66.2|200|4|
65.2|201|4|
64.2|202|4|
63.3|203|4|
62.2|204|4|
61.0|205|4|
59.8|206|4|
58.3|207|4|
57.0|208|4|
55.8|209|4|
54.8|210|4|
54.0|211|4|
53.2|212|4|
52.4|213|4|
51.8|214|4|
51.3|215|4|
50.9|216|4|
39.8|190|5|
38.6|191|5|
37.6|192|5|
36.7|193|5|
36.0|194|5|
35.4|195|5|
34.8|196|5|
34.4|197|5|
33.9|198|5|
33.7|199|5|
33.5|200|5|
33.4|201|5|
33.4|202|5|
33.3|203|5|
33.4|204|5|
33.3|205|5|
33.2|206|5|
32.9|207|5|
32.7|208|5|
32.4|209|5|
32.2|210|5|
32.1|211|5|
32.0|212|5|
31.9|213|5|
31.9|214|5|
32.1|215|5|
32.3|216|5|
30.3|190|6|
28.7|191|6|
27.4|192|6|
26.0|193|6|
24.8|194|6|
23.8|195|6|
22.9|196|6|
22.1|197|6|
21.4|198|6|
20.9|199|6|
20.4|200|6|
20.1|201|6|
19.8|202|6|
19.5|203|6|
19.4|204|6|
19.2|205|6|
19.0|206|6|
19.0|207|6|
18.9|208|6|
18.9|209|6|
19.1|210|6|
19.3|211|6|
19.7|212|6|
20.1|213|6|
20.7|214|6|
21.4|215|6|
22.2|216|6|
37.2|190|7|
35.8|191|7|
34.5|192|7|
33.4|193|7|
32.3|194|7|
31.2|195|7|
30.1|196|7|
29.1|197|7|
28.2|198|7|
27.7|199|7|
27.3|200|7|
27.0|201|7|
26.9|202|7|
27.0|203|7|
27.1|204|7|
27.4|205|7|
27.5|206|7|
27.5|207|7|
27.6|208|7|
27.8|209|7|
28.0|210|7|
28.5|211|7|
28.9|212|7|
29.3|213|7|
30.0|214|7|
30.7|215|7|
31.5|216|7|
17.4|190|8|
16.4|191|8|
15.5|192|8|
14.7|193|8|
14.0|194|8|
13.4|195|8|
12.9|196|8|
12.5|197|8|
12.2|198|8|
11.9|199|8|
11.7|200|8|
11.6|201|8|
11.5|202|8|
11.4|203|8|
11.3|204|8|
11.2|205|8|
11.2|206|8|
11.2|207|8|
11.2|208|8|
11.3|209|8|
11.4|210|8|
11.5|211|8|
11.8|212|8|
12.1|213|8|
12.6|214|8|
13.2|215|8|
13.9|216|8|
17.0|190|9|
16.0|191|9|
15.1|192|9|
14.3|193|9|
13.6|194|9|
13.1|195|9|
12.7|196|9|
12.3|197|9|
12.0|198|9|
11.8|199|9|
11.6|200|9|
11.4|201|9|
11.3|202|9|
11.1|203|9|
11.0|204|9|
10.9|205|9|
10.8|206|9|
10.7|207|9|
10.6|208|9|
10.6|209|9|
10.6|210|9|
10.6|211|9|
10.8|212|9|
11.0|213|9|
11.4|214|9|
11.9|215|9|
12.6|216|9|
45.5|190|10|
44.6|191|10|
44.2|192|10|
43.8|193|10|
43.5|194|10|
43.5|195|10|
43.1|196|10|
42.7|197|10|
42.2|198|10|
41.5|199|10|
40.9|200|10|
40.2|201|10|
39.6|202|10|
39.0|203|10|
38.3|204|10|
37.5|205|10|
36.2|206|10|
35.0|207|10|
33.6|208|10|
32.0|209|10|
30.7|210|10|
29.3|211|10|
27.9|212|10|
26.5|213|10|
25.4|214|10|
24.5|215|10|
23.9|216|10|
35.1|190|11|
34.1|191|11|
33.2|192|11|
32.5|193|11|
31.9|194|11|
31.5|195|11|
31.0|196|11|
30.7|197|11|
30.3|198|11|
30.1|199|11|
30.0|200|11|
29.9|201|11|
29.9|202|11|
30.1|203|11|
30.0|204|11|
30.1|205|11|
30.1|206|11|
30.0|207|11|
29.8|208|11|
29.6|209|11|
29.4|210|11|
29.2|211|11|
29.0|212|11|
29.0|213|11|
29.1|214|11|
29.3|215|11|
29.5|216|11|
44.2|190|12|
43.2|191|12|
42.1|192|12|
41.1|193|12|
40.2|194|12|
39.2|195|12|
38.4|196|12|
37.5|197|12|
36.7|198|12|
35.9|199|12|
35.3|200|12|
34.8|201|12|
34.2|202|12|
33.8|203|12|
33.4|204|12|
33.1|205|12|
32.6|206|12|
31.9|207|12|
31.4|208|12|
30.9|209|12|
30.5|210|12|
30.2|211|12|
29.9|212|12|
29.8|213|12|
29.7|214|12|
29.8|215|12|
30.1|216|12|
72.5|190|13|
71.8|191|13|
71.0|192|13|
70.2|193|13|
69.3|194|13|
68.3|195|13|
67.3|196|13|
66.0|197|13|
64.8|198|13|
63.5|199|13|
62.2|200|13|
60.9|201|13|
59.6|202|13|
58.2|203|13|
56.8|204|13|
55.5|205|13|
54.1|206|13|
52.7|207|13|
51.2|208|13|
49.6|209|13|
48.1|210|13|
46.5|211|13|
44.9|212|13|
43.5|213|13|
42.3|214|13|
41.2|215|13|
40.3|216|13|
41.5|190|14|
40.4|191|14|
39.4|192|14|
38.6|193|14|
37.8|194|14|
37.0|195|14|
36.4|196|14|
35.9|197|14|
35.4|198|14|
34.9|199|14|
34.5|200|14|
34.4|201|14|
34.3|202|14|
34.3|203|14|
34.2|204|14|
34.0|205|14|
33.8|206|14|
33.4|207|14|
33.2|208|14|
32.8|209|14|
32.4|210|14|
32.1|211|14|
31.9|212|14|
31.7|213|14|
31.7|214|14|
31.7|215|14|
31.9|216|14|
34.6|190|15|
33.1|191|15|
31.8|192|15|
30.6|193|15|
29.6|194|15|
28.8|195|15|
28.1|196|15|
27.5|197|15|
27.0|198|15|
26.7|199|15|
26.4|200|15|
26.2|201|15|
26.0|202|15|
25.9|203|15|
25.7|204|15|
25.5|205|15|
25.2|206|15|
24.9|207|15|
24.6|208|15|
24.3|209|15|
24.1|210|15|
23.9|211|15|
23.9|212|15|
24.1|213|15|
24.4|214|15|
24.8|215|15|
25.4|216|15|
15.9|190|16|
14.8|191|16|
13.9|192|16|
13.2|193|16|
12.6|194|16|
12.1|195|16|
11.7|196|16|
11.3|197|16|
11.1|198|16|
10.8|199|16|
10.7|200|16|
10.5|201|16|
10.4|202|16|
10.4|203|16|
10.3|204|16|
10.2|205|16|
10.1|206|16|
10.1|207|16|
10.1|208|16|
10.1|209|16|
10.2|210|16|
10.3|211|16|
10.5|212|16|
10.8|213|16|
11.3|214|16|
11.9|215|16|
12.6|216|16|
38.5|190|17|
37.1|191|17|
35.8|192|17|
34.6|193|17|
33.6|194|17|
32.6|195|17|
31.7|196|17|
30.9|197|17|
30.2|198|17|
29.4|199|17|
28.7|200|17|
28.2|201|17|
27.6|202|17|
27.1|203|17|
26.4|204|17|
26.0|205|17|
25.4|206|17|
24.9|207|17|
24.2|208|17|
23.7|209|17|
23.2|210|17|
22.8|211|17|
22.4|212|17|
22.3|213|17|
22.2|214|17|
22.3|215|17|
22.5|216|17|
83.7|190|18|
83.7|191|18|
83.8|192|18|
83.8|193|18|
83.7|194|18|
83.6|195|18|
83.4|196|18|
83.2|197|18|
82.9|198|18|
82.5|199|18|
82.0|200|18|
81.4|201|18|
80.7|202|18|
80.0|203|18|
79.2|204|18|
78.2|205|18|
77.1|206|18|
75.9|207|18|
74.5|208|18|
72.9|209|18|
71.3|210|18|
69.7|211|18|
68.0|212|18|
66.5|213|18|
64.9|214|18|
63.4|215|18|
62.1|216|18|
78.4|190|19|
78.1|191|19|
77.8|192|19|
77.2|193|19|
76.8|194|19|
76.1|195|19|
75.5|196|19|
74.7|197|19|
73.9|198|19|
72.9|199|19|
71.9|200|19|
70.7|201|19|
69.5|202|19|
68.1|203|19|
66.6|204|19|
64.9|205|19|
63.1|206|19|
61.1|207|19|
59.1|208|19|
57.0|209|19|
54.8|210|19|
52.9|211|19|
50.8|212|19|
48.7|213|19|
46.8|214|19|
45.0|215|19|
43.5|216|19|
59.2|190|20|
58.5|191|20|
57.7|192|20|
57.0|193|20|
56.3|194|20|
55.8|195|20|
55.3|196|20|
54.7|197|20|
54.4|198|20|
54.0|199|20|
53.8|200|20|
53.7|201|20|
53.8|202|20|
53.9|203|20|
54.1|204|20|
54.1|205|20|
54.2|206|20|
53.8|207|20|
53.4|208|20|
52.8|209|20|
51.9|210|20|
51.1|211|20|
50.1|212|20|
49.2|213|20|
48.3|214|20|
47.5|215|20|
46.9|216|20|
39.4|190|21|
37.9|191|21|
36.5|192|21|
35.2|193|21|
34.0|194|21|
33.0|195|21|
32.1|196|21|
31.3|197|21|
30.6|198|21|
30.1|199|21|
29.6|200|21|
29.2|201|21|
28.8|202|21|
28.5|203|21|
28.2|204|21|
27.9|205|21|
27.5|206|21|
27.2|207|21|
26.8|208|21|
26.5|209|21|
26.3|210|21|
26.1|211|21|
26.2|212|21|
26.4|213|21|
26.7|214|21|
27.3|215|21|
28.0|216|21|
47.7|190|22|
46.7|191|22|
46.1|192|22|
45.5|193|22|
45.0|194|22|
44.5|195|22|
44.1|196|22|
43.8|197|22|
43.5|198|22|
43.2|199|22|
43.1|200|22|
43.0|201|22|
42.9|202|22|
42.9|203|22|
42.8|204|22|
42.7|205|22|
42.6|206|22|
42.6|207|22|
42.3|208|22|
42.1|209|22|
41.9|210|22|
41.7|211|22|
41.3|212|22|
40.9|213|22|
40.7|214|22|
40.4|215|22|
40.4|216|22|
36.4|190|23|
34.6|191|23|
32.7|192|23|
31.1|193|23|
29.7|194|23|
28.3|195|23|
27.1|196|23|
26.0|197|23|
25.0|198|23|
24.2|199|23|
23.5|200|23|
23.0|201|23|
22.5|202|23|
22.2|203|23|
21.9|204|23|
21.7|205|23|
21.6|206|23|
21.5|207|23|
21.6|208|23|
21.7|209|23|
22.0|210|23|
22.3|211|23|
22.7|212|23|
23.1|213|23|
23.7|214|23|
24.3|215|23|
25.1|216|23|
20.0|190|24|
18.9|191|24|
17.9|192|24|
17.1|193|24|
16.3|194|24|
15.6|195|24|
15.1|196|24|
14.6|197|24|
14.2|198|24|
14.0|199|24|
13.7|200|24|
13.6|201|24|
13.5|202|24|
13.4|203|24|
13.3|204|24|
13.3|205|24|
13.3|206|24|
13.3|207|24|
13.3|208|24|
13.4|209|24|
13.5|210|24|
13.7|211|24|
13.9|212|24|
14.3|213|24|
14.8|214|24|
15.4|215|24|
16.1|216|24|
34.6|190|25|
33.3|191|25|
32.1|192|25|
31.1|193|25|
30.3|194|25|
29.6|195|25|
29.0|196|25|
28.5|197|25|
28.1|198|25|
27.8|199|25|
27.6|200|25|
27.4|201|25|
27.2|202|25|
27.1|203|25|
27.0|204|25|
26.8|205|25|
26.6|206|25|
26.4|207|25|
26.1|208|25|
25.8|209|25|
25.7|210|25|
25.5|211|25|
25.5|212|25|
25.6|213|25|
25.9|214|25|
26.3|215|25|
26.9|216|25|
90.2|190|26|
90.3|191|26|
90.4|192|26|
90.4|193|26|
90.4|194|26|
90.4|195|26|
90.4|196|26|
90.3|197|26|
90.2|198|26|
90.1|199|26|
89.9|200|26|
89.7|201|26|
89.5|202|26|
89.3|203|26|
89.0|204|26|
88.8|205|26|
88.5|206|26|
88.3|207|26|
88.0|208|26|
87.8|209|26|
87.6|210|26|
87.4|211|26|
87.2|212|26|
87.0|213|26|
86.7|214|26|
86.5|215|26|
86.2|216|26|
75.4|190|27|
74.6|191|27|
73.7|192|27|
72.8|193|27|
71.8|194|27|
70.8|195|27|
69.8|196|27|
68.8|197|27|
67.7|198|27|
66.5|199|27|
65.3|200|27|
64.1|201|27|
63.0|202|27|
61.7|203|27|
60.6|204|27|
59.2|205|27|
57.9|206|27|
56.1|207|27|
54.7|208|27|
53.3|209|27|
52.0|210|27|
50.9|211|27|
50.0|212|27|
49.1|213|27|
48.4|214|27|
47.8|215|27|
47.3|216|27|
69.9|190|28|
69.6|191|28|
69.2|192|28|
68.9|193|28|
68.4|194|28|
67.9|195|28|
67.4|196|28|
66.7|197|28|
65.9|198|28|
65.1|199|28|
64.3|200|28|
63.5|201|28|
62.6|202|28|
61.8|203|28|
61.1|204|28|
60.2|205|28|
59.3|206|28|
58.4|207|28|
57.6|208|28|
57.1|209|28|
56.5|210|28|
56.2|211|28|
55.7|212|28|
55.3|213|28|
55.0|214|28|
54.7|215|28|
54.4|216|28|
75.6|190|29|
75.4|191|29|
75.2|192|29|
75.0|193|29|
74.6|194|29|
74.3|195|29|
73.8|196|29|
73.2|197|29|
72.5|198|29|
71.8|199|29|
71.0|200|29|
70.2|201|29|
69.5|202|29|
68.7|203|29|
67.9|204|29|
67.0|205|29|
66.2|206|29|
65.5|207|29|
64.8|208|29|
64.2|209|29|
63.8|210|29|
63.4|211|29|
63.1|212|29|
62.9|213|29|
62.8|214|29|
62.6|215|29|
62.5|216|29|
14.0|190|30|
13.1|191|30|
12.3|192|30|
11.7|193|30|
11.2|194|30|
10.8|195|30|
10.4|196|30|
10.2|197|30|
10.0|198|30|
9.8|199|30|
9.6|200|30|
9.5|201|30|
9.4|202|30|
9.3|203|30|
9.2|204|30|
9.1|205|30|
9.0|206|30|
8.8|207|30|
8.7|208|30|
8.6|209|30|
8.5|210|30|
8.4|211|30|
8.4|212|30|
8.5|213|30|
8.7|214|30|
9.0|215|30|
9.4|216|30|
71.9|190|31|
71.3|191|31|
70.7|192|31|
69.9|193|31|
69.1|194|31|
68.2|195|31|
67.1|196|31|
66.0|197|31|
64.7|198|31|
63.3|199|31|
62.0|200|31|
60.7|201|31|
59.5|202|31|
58.5|203|31|
57.5|204|31|
56.7|205|31|
55.8|206|31|
55.3|207|31|
54.6|208|31|
54.3|209|31|
54.3|210|31|
54.3|211|31|
54.3|212|31|
54.5|213|31|
54.7|214|31|
54.9|215|31|
55.1|216|31|
82.7|190|32|
82.7|191|32|
82.7|192|32|
82.6|193|32|
82.5|194|32|
82.3|195|32|
82.1|196|32|
81.8|197|32|
81.4|198|32|
80.9|199|32|
80.4|200|32|
79.9|201|32|
79.3|202|32|
78.7|203|32|
78.1|204|32|
77.5|205|32|
76.9|206|32|
76.2|207|32|
75.6|208|32|
75.0|209|32|
74.4|210|32|
73.9|211|32|
73.5|212|32|
73.1|213|32|
72.7|214|32|
72.2|215|32|
71.9|216|32|
82.5|190|33|
82.5|191|33|
82.4|192|33|
82.3|193|33|
82.2|194|33|
82.0|195|33|
81.8|196|33|
81.6|197|33|
81.3|198|33|
80.9|199|33|
80.5|200|33|
80.1|201|33|
79.6|202|33|
79.2|203|33|
78.6|204|33|
78.1|205|33|
77.5|206|33|
76.9|207|33|
76.5|208|33|
76.0|209|33|
75.5|210|33|
75.2|211|33|
74.8|212|33|
74.4|213|33|
74.0|214|33|
73.7|215|33|
73.3|216|33|
30.7|190|34|
29.2|191|34|
27.7|192|34|
26.4|193|34|
25.3|194|34|
24.3|195|34|
23.4|196|34|
22.6|197|34|
22.0|198|34|
21.4|199|34|
20.9|200|34|
20.4|201|34|
20.1|202|34|
19.7|203|34|
19.4|204|34|
19.1|205|34|
18.8|206|34|
18.6|207|34|
18.3|208|34|
18.2|209|34|
18.2|210|34|
18.2|211|34|
18.3|212|34|
18.6|213|34|
19.0|214|34|
19.5|215|34|
20.0|216|34|
28.1|190|35|
26.0|191|35|
24.0|192|35|
22.1|193|35|
20.4|194|35|
19.0|195|35|
17.8|196|35|
16.7|197|35|
15.9|198|35|
15.2|199|35|
14.6|200|35|
14.2|201|35|
13.9|202|35|
13.8|203|35|
13.8|204|35|
13.8|205|35|
13.9|206|35|
14.0|207|35|
14.3|208|35|
14.7|209|35|
15.2|210|35|
15.9|211|35|
16.7|212|35|
17.6|213|35|
18.7|214|35|
20.0|215|35|
21.4|216|35|
37.2|190|36|
36.5|191|36|
35.9|192|36|
35.5|193|36|
35.2|194|36|
35.0|195|36|
34.8|196|36|
34.6|197|36|
34.6|198|36|
34.5|199|36|
34.5|200|36|
34.4|201|36|
34.3|202|36|
34.2|203|36|
33.9|204|36|
33.5|205|36|
33.0|206|36|
32.2|207|36|
31.3|208|36|
30.5|209|36|
29.5|210|36|
28.8|211|36|
28.0|212|36|
27.5|213|36|
27.0|214|36|
26.8|215|36|
26.6|216|36|
71.1|190|37|
70.1|191|37|
69.1|192|37|
68.0|193|37|
67.0|194|37|
65.8|195|37|
64.7|196|37|
63.5|197|37|
62.4|198|37|
61.2|199|37|
60.1|200|37|
59.0|201|37|
58.0|202|37|
57.1|203|37|
56.2|204|37|
55.2|205|37|
54.3|206|37|
53.2|207|37|
52.3|208|37|
51.5|209|37|
50.7|210|37|
50.0|211|37|
49.4|212|37|
49.0|213|37|
48.6|214|37|
48.2|215|37|
48.1|216|37|
80.0|190|38|
79.9|191|38|
79.8|192|38|
79.7|193|38|
79.5|194|38|
79.3|195|38|
79.0|196|38|
78.6|197|38|
78.1|198|38|
77.6|199|38|
77.0|200|38|
76.2|201|38|
75.5|202|38|
74.7|203|38|
73.9|204|38|
73.0|205|38|
72.0|206|38|
71.0|207|38|
69.9|208|38|
68.8|209|38|
67.9|210|38|
66.9|211|38|
66.0|212|38|
65.2|213|38|
64.5|214|38|
63.8|215|38|
63.2|216|38|
73.2|190|39|
72.8|191|39|
72.5|192|39|
72.1|193|39|
71.7|194|39|
71.2|195|39|
70.7|196|39|
70.2|197|39|
69.6|198|39|
69.1|199|39|
68.5|200|39|
68.0|201|39|
67.6|202|39|
67.3|203|39|
66.9|204|39|
66.6|205|39|
66.2|206|39|
65.9|207|39|
65.6|208|39|
65.3|209|39|
65.2|210|39|
65.0|211|39|
64.8|212|39|
64.7|213|39|
64.5|214|39|
64.4|215|39|
64.3|216|39|
32.4|190|40|
31.4|191|40|
30.3|192|40|
29.4|193|40|
28.7|194|40|
28.2|195|40|
27.8|196|40|
27.6|197|40|
27.4|198|40|
27.4|199|40|
27.4|200|40|
27.5|201|40|
27.7|202|40|
28.0|203|40|
28.2|204|40|
28.3|205|40|
28.4|206|40|
28.5|207|40|
28.4|208|40|
28.3|209|40|
28.2|210|40|
28.2|211|40|
28.1|212|40|
28.1|213|40|
28.3|214|40|
28.5|215|40|
28.7|216|40|
79.8|190|41|
79.8|191|41|
79.7|192|41|
79.7|193|41|
79.5|194|41|
79.3|195|41|
79.0|196|41|
78.7|197|41|
78.3|198|41|
77.9|199|41|
77.5|200|41|
77.1|201|41|
76.7|202|41|
76.3|203|41|
76.0|204|41|
75.7|205|41|
75.4|206|41|
75.1|207|41|
74.8|208|41|
74.6|209|41|
74.5|210|41|
74.3|211|41|
74.1|212|41|
74.0|213|41|
73.8|214|41|
73.6|215|41|
73.4|216|41|
36.7|190|42|
35.3|191|42|
34.0|192|42|
32.8|193|42|
31.8|194|42|
30.9|195|42|
30.1|196|42|
29.4|197|42|
28.9|198|42|
28.4|199|42|
28.1|200|42|
27.8|201|42|
27.5|202|42|
27.3|203|42|
27.1|204|42|
26.9|205|42|
26.6|206|42|
26.3|207|42|
25.9|208|42|
25.6|209|42|
25.4|210|42|
25.2|211|42|
25.3|212|42|
25.5|213|42|
25.8|214|42|
26.4|215|42|
27.1|216|42|
35.3|190|43|
34.3|191|43|
33.5|192|43|
32.8|193|43|
32.3|194|43|
31.8|195|43|
31.3|196|43|
31.0|197|43|
30.6|198|43|
30.4|199|43|
30.3|200|43|
30.2|201|43|
30.2|202|43|
30.3|203|43|
30.3|204|43|
30.3|205|43|
30.2|206|43|
30.1|207|43|
29.8|208|43|
29.6|209|43|
29.4|210|43|
29.2|211|43|
29.0|212|43|
28.9|213|43|
29.0|214|43|
29.1|215|43|
29.3|216|43|
22.3|190|44|
21.2|191|44|
20.1|192|44|
19.2|193|44|
18.4|194|44|
17.7|195|44|
17.2|196|44|
16.7|197|44|
16.3|198|44|
16.0|199|44|
15.7|200|44|
15.5|201|44|
15.3|202|44|
15.2|203|44|
15.1|204|44|
15.0|205|44|
14.9|206|44|
14.8|207|44|
14.8|208|44|
14.8|209|44|
14.8|210|44|
15.0|211|44|
15.2|212|44|
15.5|213|44|
16.0|214|44|
16.7|215|44|
17.5|216|44|
32.9|190|45|
31.7|191|45|
30.6|192|45|
29.6|193|45|
28.8|194|45|
28.1|195|45|
27.6|196|45|
27.1|197|45|
26.8|198|45|
26.5|199|45|
26.3|200|45|
26.2|201|45|
26.1|202|45|
26.0|203|45|
25.9|204|45|
25.7|205|45|
25.5|206|45|
25.3|207|45|
24.9|208|45|
24.7|209|45|
24.5|210|45|
24.3|211|45|
24.3|212|45|
24.5|213|45|
24.8|214|45|
25.2|215|45|
25.8|216|45|
15.9|190|46|
14.9|191|46|
14.0|192|46|
13.2|193|46|
12.6|194|46|
12.1|195|46|
11.7|196|46|
11.4|197|46|
11.1|198|46|
10.9|199|46|
10.7|200|46|
10.6|201|46|
10.5|202|46|
10.4|203|46|
10.3|204|46|
10.2|205|46|
10.2|206|46|
10.1|207|46|
10.1|208|46|
10.1|209|46|
10.2|210|46|
10.4|211|46|
10.6|212|46|
10.9|213|46|
11.4|214|46|
12.0|215|46|
12.7|216|46|
63.3|190|47|
62.3|191|47|
61.3|192|47|
60.1|193|47|
59.1|194|47|
58.1|195|47|
57.0|196|47|
56.2|197|47|
55.2|198|47|
54.2|199|47|
53.3|200|47|
52.5|201|47|
51.7|202|47|
50.9|203|47|
50.2|204|47|
49.2|205|47|
48.3|206|47|
47.3|207|47|
46.3|208|47|
45.3|209|47|
44.6|210|47|
44.0|211|47|
43.4|212|47|
42.9|213|47|
42.5|214|47|
42.2|215|47|
42.0|216|47|
40.2|190|48|
39.0|191|48|
38.0|192|48|
37.2|193|48|
36.5|194|48|
35.8|195|48|
35.3|196|48|
35.0|197|48|
34.5|198|48|
34.3|199|48|
34.0|200|48|
33.9|201|48|
33.9|202|48|
33.8|203|48|
33.9|204|48|
33.8|205|48|
33.8|206|48|
33.5|207|48|
33.3|208|48|
33.1|209|48|
32.7|210|48|
32.6|211|48|
32.4|212|48|
32.3|213|48|
32.3|214|48|
32.4|215|48|
32.5|216|48|
40.0|190|49|
38.7|191|49|
37.5|192|49|
36.2|193|49|
35.0|194|49|
34.1|195|49|
33.2|196|49|
32.3|197|49|
31.6|198|49|
30.9|199|49|
30.5|200|49|
30.1|201|49|
30.0|202|49|
29.7|203|49|
29.7|204|49|
29.4|205|49|
29.1|206|49|
28.9|207|49|
28.5|208|49|
28.2|209|49|
28.0|210|49|
27.8|211|49|
27.6|212|49|
27.5|213|49|
27.6|214|49|
27.7|215|49|
28.0|216|49|
40.8|190|50|
40.1|191|50|
39.4|192|50|
38.7|193|50|
38.2|194|50|
37.7|195|50|
37.3|196|50|
37.0|197|50|
36.7|198|50|
36.6|199|50|
36.3|200|50|
36.0|201|50|
35.8|202|50|
35.5|203|50|
35.3|204|50|
34.7|205|50|
34.2|206|50|
33.6|207|50|
32.8|208|50|
31.9|209|50|
30.9|210|50|
30.2|211|50|
29.4|212|50|
28.7|213|50|
28.2|214|50|
27.9|215|50|
27.7|216|50|
42.5|190|51|
41.8|191|51|
41.0|192|51|
40.5|193|51|
40.0|194|51|
39.6|195|51|
39.1|196|51|
38.9|197|51|
38.6|198|51|
38.4|199|51|
38.4|200|51|
38.7|201|51|
38.8|202|51|
39.2|203|51|
39.3|204|51|
39.4|205|51|
39.1|206|51|
38.6|207|51|
37.8|208|51|
36.9|209|51|
36.2|210|51|
35.3|211|51|
34.4|212|51|
33.6|213|51|
32.8|214|51|
32.2|215|51|
31.7|216|51|
28.9|190|52|
27.5|191|52|
26.2|192|52|
25.0|193|52|
23.8|194|52|
22.7|195|52|
21.9|196|52|
21.4|197|52|
21.0|198|52|
20.7|199|52|
20.8|200|52|
21.1|201|52|
21.4|202|52|
21.9|203|52|
22.5|204|52|
23.0|205|52|
23.7|206|52|
24.3|207|52|
25.0|208|52|
25.6|209|52|
26.3|210|52|
26.9|211|52|
27.6|212|52|
28.3|213|52|
29.1|214|52|
29.8|215|52|
30.6|216|52|
77.4|190|53|
77.2|191|53|
76.9|192|53|
76.6|193|53|
76.1|194|53|
75.8|195|53|
75.4|196|53|
74.8|197|53|
74.0|198|53|
73.3|199|53|
72.5|200|53|
71.7|201|53|
70.9|202|53|
70.1|203|53|
69.4|204|53|
68.6|205|53|
68.0|206|53|
67.2|207|53|
66.7|208|53|
66.3|209|53|
65.9|210|53|
65.6|211|53|
65.2|212|53|
64.9|213|53|
64.5|214|53|
64.2|215|53|
64.0|216|53|
79.9|190|54|
79.4|191|54|
78.9|192|54|
78.2|193|54|
77.3|194|54|
76.3|195|54|
75.3|196|54|
74.1|197|54|
73.0|198|54|
71.8|199|54|
70.7|200|54|
69.6|201|54|
68.6|202|54|
67.6|203|54|
66.6|204|54|
65.7|205|54|
64.6|206|54|
63.6|207|54|
62.6|208|54|
61.6|209|54|
60.7|210|54|
59.9|211|54|
59.1|212|54|
58.4|213|54|
57.7|214|54|
57.1|215|54|
56.6|216|54|
34.0|190|55|
32.7|191|55|
31.5|192|55|
30.4|193|55|
29.5|194|55|
28.7|195|55|
28.1|196|55|
27.5|197|55|
27.1|198|55|
26.7|199|55|
26.4|200|55|
26.2|201|55|
26.0|202|55|
25.8|203|55|
25.6|204|55|
25.4|205|55|
25.1|206|55|
24.8|207|55|
24.5|208|55|
24.3|209|55|
24.1|210|55|
24.1|211|55|
24.1|212|55|
24.4|213|55|
24.7|214|55|
25.3|215|55|
26.0|216|55|
47.3|190|56|
46.5|191|56|
45.6|192|56|
44.9|193|56|
44.3|194|56|
43.7|195|56|
43.3|196|56|
43.0|197|56|
42.6|198|56|
42.4|199|56|
42.2|200|56|
42.2|201|56|
42.3|202|56|
42.4|203|56|
42.5|204|56|
42.5|205|56|
42.6|206|56|
42.6|207|56|
42.5|208|56|
42.3|209|56|
42.4|210|56|
42.2|211|56|
42.0|212|56|
41.9|213|56|
41.8|214|56|
41.8|215|56|
42.0|216|56|
77.8|190|57|
77.1|191|57|
76.3|192|57|
75.3|193|57|
74.2|194|57|
73.1|195|57|
71.8|196|57|
70.3|197|57|
68.9|198|57|
67.4|199|57|
65.7|200|57|
64.2|201|57|
62.7|202|57|
61.2|203|57|
59.8|204|57|
58.3|205|57|
57.0|206|57|
55.6|207|57|
54.3|208|57|
53.1|209|57|
52.1|210|57|
51.3|211|57|
50.8|212|57|
50.4|213|57|
50.1|214|57|
50.0|215|57|
50.0|216|57|
42.4|190|58|
41.5|191|58|
41.0|192|58|
40.5|193|58|
40.3|194|58|
40.2|195|58|
40.2|196|58|
40.4|197|58|
40.6|198|58|
40.9|199|58|
41.2|200|58|
41.6|201|58|
41.9|202|58|
42.3|203|58|
42.4|204|58|
42.3|205|58|
42.1|206|58|
41.6|207|58|
41.2|208|58|
40.7|209|58|
40.2|210|58|
39.5|211|58|
39.0|212|58|
38.5|213|58|
38.1|214|58|
37.7|215|58|
37.5|216|58|
15.9|190|59|
14.9|191|59|
14.0|192|59|
13.3|193|59|
12.8|194|59|
12.3|195|59|
12.0|196|59|
11.7|197|59|
11.5|198|59|
11.3|199|59|
11.1|200|59|
11.0|201|59|
10.9|202|59|
10.8|203|59|
10.7|204|59|
10.6|205|59|
10.5|206|59|
10.4|207|59|
10.4|208|59|
10.4|209|59|
10.4|210|59|
10.5|211|59|
10.7|212|59|
11.0|213|59|
11.4|214|59|
11.9|215|59|
12.6|216|59|
17.1|190|60|
16.0|191|60|
15.0|192|60|
14.2|193|60|
13.5|194|60|
12.9|195|60|
12.5|196|60|
12.1|197|60|
11.8|198|60|
11.5|199|60|
11.3|200|60|
11.1|201|60|
11.0|202|60|
10.9|203|60|
10.8|204|60|
10.7|205|60|
10.6|206|60|
10.5|207|60|
10.4|208|60|
10.4|209|60|
10.5|210|60|
10.6|211|60|
10.8|212|60|
11.1|213|60|
11.6|214|60|
12.2|215|60|
12.9|216|60|
71.7|190|61|
71.1|191|61|
70.4|192|61|
69.8|193|61|
69.2|194|61|
68.5|195|61|
67.9|196|61|
67.2|197|61|
66.6|198|61|
65.9|199|61|
65.3|200|61|
64.8|201|61|
64.3|202|61|
63.8|203|61|
63.5|204|61|
63.2|205|61|
63.0|206|61|
62.7|207|61|
62.6|208|61|
62.4|209|61|
62.4|210|61|
62.4|211|61|
62.4|212|61|
62.5|213|61|
62.5|214|61|
62.4|215|61|
62.5|216|61|
84.7|190|62|
84.5|191|62|
84.2|192|62|
84.0|193|62|
83.7|194|62|
83.3|195|62|
82.9|196|62|
82.3|197|62|
81.8|198|62|
81.1|199|62|
80.5|200|62|
79.9|201|62|
79.2|202|62|
78.6|203|62|
78.0|204|62|
77.6|205|62|
77.2|206|62|
76.8|207|62|
76.4|208|62|
76.2|209|62|
76.2|210|62|
76.1|211|62|
76.1|212|62|
76.0|213|62|
75.9|214|62|
75.8|215|62|
75.7|216|62|
38.8|190|63|
37.6|191|63|
36.6|192|63|
35.6|193|63|
34.7|194|63|
33.9|195|63|
32.8|196|63|
31.9|197|63|
30.9|198|63|
30.1|199|63|
29.3|200|63|
28.7|201|63|
28.1|202|63|
27.6|203|63|
27.0|204|63|
26.5|205|63|
25.8|206|63|
25.0|207|63|
24.4|208|63|
23.7|209|63|
23.2|210|63|
22.9|211|63|
22.7|212|63|
22.6|213|63|
22.8|214|63|
23.1|215|63|
23.6|216|63|
16.3|190|64|
15.2|191|64|
14.3|192|64|
13.6|193|64|
12.9|194|64|
12.4|195|64|
12.0|196|64|
11.7|197|64|
11.4|198|64|
11.2|199|64|
11.0|200|64|
10.9|201|64|
10.8|202|64|
10.7|203|64|
10.6|204|64|
10.5|205|64|
10.4|206|64|
10.3|207|64|
10.3|208|64|
10.2|209|64|
10.3|210|64|
10.3|211|64|
10.5|212|64|
10.8|213|64|
11.2|214|64|
11.7|215|64|
12.4|216|64|
82.4|190|65|
82.3|191|65|
82.2|192|65|
82.1|193|65|
81.9|194|65|
81.7|195|65|
81.4|196|65|
81.0|197|65|
80.6|198|65|
80.1|199|65|
79.6|200|65|
79.0|201|65|
78.4|202|65|
77.7|203|65|
76.9|204|65|
76.1|205|65|
75.2|206|65|
74.2|207|65|
73.3|208|65|
72.2|209|65|
71.2|210|65|
70.4|211|65|
69.6|212|65|
68.8|213|65|
68.2|214|65|
67.5|215|65|
66.9|216|65|
18.0|190|66|
16.8|191|66|
15.8|192|66|
15.0|193|66|
14.3|194|66|
13.7|195|66|
13.2|196|66|
12.8|197|66|
12.5|198|66|
12.2|199|66|
12.0|200|66|
11.8|201|66|
11.6|202|66|
11.5|203|66|
11.3|204|66|
11.2|205|66|
11.2|206|66|
11.1|207|66|
11.1|208|66|
11.1|209|66|
11.2|210|66|
11.4|211|66|
11.6|212|66|
12.0|213|66|
12.5|214|66|
13.1|215|66|
13.9|216|66|
43.9|190|67|
42.6|191|67|
41.6|192|67|
40.8|193|67|
40.0|194|67|
39.3|195|67|
38.7|196|67|
38.0|197|67|
37.6|198|67|
37.1|199|67|
36.8|200|67|
36.5|201|67|
36.2|202|67|
36.1|203|67|
36.0|204|67|
35.9|205|67|
35.6|206|67|
35.3|207|67|
35.1|208|67|
34.8|209|67|
34.4|210|67|
34.2|211|67|
33.9|212|67|
33.8|213|67|
33.7|214|67|
33.8|215|67|
34.0|216|67|
43.0|190|68|
42.1|191|68|
41.5|192|68|
40.8|193|68|
40.3|194|68|
39.8|195|68|
39.6|196|68|
39.5|197|68|
39.2|198|68|
39.2|199|68|
39.3|200|68|
39.6|201|68|
40.0|202|68|
40.5|203|68|
41.0|204|68|
41.3|205|68|
41.7|206|68|
41.8|207|68|
41.8|208|68|
41.5|209|68|
40.9|210|68|
40.3|211|68|
39.4|212|68|
38.6|213|68|
37.8|214|68|
37.1|215|68|
36.5|216|68|
83.5|190|69|
83.4|191|69|
83.2|192|69|
83.0|193|69|
82.8|194|69|
82.5|195|69|
82.1|196|69|
81.8|197|69|
81.3|198|69|
80.9|199|69|
80.4|200|69|
79.8|201|69|
79.3|202|69|
78.8|203|69|
78.3|204|69|
77.9|205|69|
77.3|206|69|
76.9|207|69|
76.5|208|69|
76.1|209|69|
75.9|210|69|
75.6|211|69|
75.3|212|69|
75.1|213|69|
74.8|214|69|
74.6|215|69|
74.4|216|69|
79.8|190|70|
79.6|191|70|
79.3|192|70|
79.1|193|70|
78.8|194|70|
78.5|195|70|
78.1|196|70|
77.5|197|70|
77.1|198|70|
76.7|199|70|
76.0|200|70|
75.4|201|70|
74.7|202|70|
74.1|203|70|
73.6|204|70|
72.9|205|70|
72.3|206|70|
71.7|207|70|
71.1|208|70|
70.7|209|70|
70.2|210|70|
69.9|211|70|
69.5|212|70|
69.1|213|70|
68.8|214|70|
68.4|215|70|
68.1|216|70|
49.5|190|71|
48.7|191|71|
48.0|192|71|
47.3|193|71|
46.5|194|71|
45.9|195|71|
45.3|196|71|
44.7|197|71|
44.1|198|71|
43.7|199|71|
43.4|200|71|
43.0|201|71|
42.7|202|71|
42.6|203|71|
42.6|204|71|
42.3|205|71|
42.1|206|71|
41.6|207|71|
41.2|208|71|
40.7|209|71|
40.2|210|71|
39.7|211|71|
39.1|212|71|
38.7|213|71|
38.3|214|71|
38.1|215|71|
37.9|216|71|
66.3|190|72|
65.9|191|72|
65.6|192|72|
65.3|193|72|
65.1|194|72|
64.7|195|72|
64.4|196|72|
64.0|197|72|
63.7|198|72|
63.4|199|72|
63.0|200|72|
62.5|201|72|
62.3|202|72|
61.9|203|72|
61.7|204|72|
61.5|205|72|
61.3|206|72|
61.0|207|72|
60.9|208|72|
60.5|209|72|
60.3|210|72|
60.1|211|72|
59.8|212|72|
59.4|213|72|
59.0|214|72|
58.6|215|72|
58.2|216|72|
42.1|190|74|
40.8|191|74|
39.5|192|74|
38.4|193|74|
37.3|194|74|
36.2|195|74|
35.2|196|74|
34.4|197|74|
33.7|198|74|
33.4|199|74|
33.1|200|74|
32.9|201|74|
33.0|202|74|
33.2|203|74|
33.5|204|74|
33.8|205|74|
33.8|206|74|
33.6|207|74|
33.3|208|74|
33.1|209|74|
32.6|210|74|
32.3|211|74|
31.9|212|74|
31.7|213|74|
31.5|214|74|
31.4|215|74|
31.4|216|74|
33.6|190|75|
32.4|191|75|
31.4|192|75|
30.4|193|75|
29.6|194|75|
28.9|195|75|
28.3|196|75|
27.8|197|75|
27.4|198|75|
27.1|199|75|
26.9|200|75|
26.7|201|75|
26.5|202|75|
26.4|203|75|
26.2|204|75|
26.1|205|75|
25.9|206|75|
25.6|207|75|
25.4|208|75|
25.1|209|75|
24.9|210|75|
24.9|211|75|
24.9|212|75|
25.1|213|75|
25.4|214|75|
25.9|215|75|
26.6|216|75|
15.6|190|76|
14.6|191|76|
13.7|192|76|
13.0|193|76|
12.5|194|76|
12.0|195|76|
11.6|196|76|
11.3|197|76|
11.1|198|76|
10.9|199|76|
10.8|200|76|
10.6|201|76|
10.5|202|76|
10.5|203|76|
10.4|204|76|
10.3|205|76|
10.2|206|76|
10.2|207|76|
10.1|208|76|
10.1|209|76|
10.2|210|76|
10.3|211|76|
10.5|212|76|
10.7|213|76|
11.2|214|76|
11.7|215|76|
12.4|216|76|
77.1|190|77|
76.4|191|77|
75.8|192|77|
75.1|193|77|
74.3|194|77|
73.5|195|77|
72.6|196|77|
71.7|197|77|
70.8|198|77|
69.8|199|77|
68.8|200|77|
67.9|201|77|
67.0|202|77|
66.1|203|77|
65.4|204|77|
64.5|205|77|
63.6|206|77|
62.7|207|77|
61.8|208|77|
61.0|209|77|
60.4|210|77|
59.7|211|77|
59.1|212|77|
58.5|213|77|
58.0|214|77|
57.6|215|77|
57.3|216|77|
57.1|190|78|
55.3|191|78|
53.6|192|78|
51.8|193|78|
50.0|194|78|
48.2|195|78|
46.3|196|78|
44.6|197|78|
42.9|198|78|
41.4|199|78|
39.9|200|78|
38.7|201|78|
37.6|202|78|
36.8|203|78|
36.0|204|78|
35.4|205|78|
34.7|206|78|
34.4|207|78|
34.0|208|78|
33.9|209|78|
33.9|210|78|
34.1|211|78|
34.4|212|78|
34.8|213|78|
35.3|214|78|
36.0|215|78|
36.8|216|78|
50.3|190|79|
49.3|191|79|
48.2|192|79|
47.3|193|79|
46.5|194|79|
45.7|195|79|
44.8|196|79|
44.0|197|79|
43.1|198|79|
42.3|199|79|
41.3|200|79|
40.7|201|79|
39.8|202|79|
39.1|203|79|
38.3|204|79|
37.5|205|79|
36.5|206|79|
35.4|207|79|
34.1|208|79|
33.0|209|79|
32.0|210|79|
31.1|211|79|
30.2|212|79|
29.4|213|79|
28.8|214|79|
28.4|215|79|
28.2|216|79|
47.9|190|80|
47.2|191|80|
46.4|192|80|
45.7|193|80|
44.8|194|80|
44.0|195|80|
43.0|196|80|
42.0|197|80|
40.9|198|80|
39.6|199|80|
38.4|200|80|
37.4|201|80|
36.4|202|80|
35.7|203|80|
34.7|204|80|
33.8|205|80|
32.6|206|80|
31.4|207|80|
30.0|208|80|
28.7|209|80|
27.5|210|80|
26.5|211|80|
25.6|212|80|
24.9|213|80|
24.4|214|80|
24.1|215|80|
24.1|216|80|
16.9|190|81|
15.8|191|81|
14.9|192|81|
14.1|193|81|
13.4|194|81|
12.9|195|81|
12.5|196|81|
12.1|197|81|
11.8|198|81|
11.6|199|81|
11.4|200|81|
11.2|201|81|
11.0|202|81|
10.9|203|81|
10.8|204|81|
10.7|205|81|
10.5|206|81|
10.5|207|81|
10.4|208|81|
10.3|209|81|
10.4|210|81|
10.5|211|81|
10.6|212|81|
10.9|213|81|
11.3|214|81|
11.8|215|81|
12.5|216|81|
16.6|190|82|
15.6|191|82|
14.7|192|82|
14.0|193|82|
13.3|194|82|
12.8|195|82|
12.4|196|82|
12.0|197|82|
11.7|198|82|
11.5|199|82|
11.3|200|82|
11.2|201|82|
11.1|202|82|
11.1|203|82|
11.0|204|82|
10.9|205|82|
10.9|206|82|
10.9|207|82|
10.9|208|82|
10.9|209|82|
11.0|210|82|
11.1|211|82|
11.4|212|82|
11.7|213|82|
12.2|214|82|
12.8|215|82|
13.4|216|82|
17.2|190|83|
16.2|191|83|
15.3|192|83|
14.5|193|83|
13.8|194|83|
13.3|195|83|
12.8|196|83|
12.5|197|83|
12.2|198|83|
11.9|199|83|
11.7|200|83|
11.6|201|83|
11.4|202|83|
11.3|203|83|
11.2|204|83|
11.1|205|83|
11.0|206|83|
10.9|207|83|
10.9|208|83|
10.9|209|83|
10.9|210|83|
11.0|211|83|
11.2|212|83|
11.5|213|83|
12.0|214|83|
12.6|215|83|
13.3|216|83|
39.4|190|84|
37.9|191|84|
36.7|192|84|
35.5|193|84|
34.4|194|84|
33.5|195|84|
32.5|196|84|
31.8|197|84|
31.2|198|84|
30.6|199|84|
30.1|200|84|
29.7|201|84|
29.5|202|84|
29.3|203|84|
29.1|204|84|
28.9|205|84|
28.7|206|84|
28.5|207|84|
28.1|208|84|
27.9|209|84|
27.7|210|84|
27.5|211|84|
27.3|212|84|
27.2|213|84|
27.3|214|84|
27.4|215|84|
27.7|216|84|
16.8|190|85|
15.8|191|85|
14.8|192|85|
14.0|193|85|
13.3|194|85|
12.7|195|85|
12.2|196|85|
11.9|197|85|
11.6|198|85|
11.4|199|85|
11.2|200|85|
11.0|201|85|
10.9|202|85|
10.8|203|85|
10.8|204|85|
10.7|205|85|
10.6|206|85|
10.6|207|85|
10.6|208|85|
10.6|209|85|
10.7|210|85|
10.8|211|85|
11.0|212|85|
11.4|213|85|
11.8|214|85|
12.4|215|85|
13.2|216|85|
44.1|190|86|
42.8|191|86|
41.8|192|86|
40.6|193|86|
39.7|194|86|
38.7|195|86|
37.9|196|86|
37.1|197|86|
36.2|198|86|
35.7|199|86|
35.1|200|86|
34.9|201|86|
34.7|202|86|
34.7|203|86|
34.7|204|86|
34.7|205|86|
34.5|206|86|
34.2|207|86|
33.6|208|86|
33.0|209|86|
32.5|210|86|
32.0|211|86|
31.5|212|86|
31.2|213|86|
31.0|214|86|
31.0|215|86|
31.1|216|86|
57.2|190|87|
55.4|191|87|
53.8|192|87|
52.0|193|87|
50.2|194|87|
48.6|195|87|
46.8|196|87|
45.0|197|87|
43.1|198|87|
41.5|199|87|
39.8|200|87|
38.4|201|87|
37.3|202|87|
36.1|203|87|
35.2|204|87|
34.2|205|87|
33.3|206|87|
32.4|207|87|
31.6|208|87|
30.7|209|87|
30.0|210|87|
29.5|211|87|
29.1|212|87|
28.8|213|87|
28.8|214|87|
28.9|215|87|
29.3|216|87|
76.3|190|88|
75.2|191|88|
74.1|192|88|
72.9|193|88|
71.5|194|88|
70.1|195|88|
68.6|196|88|
67.1|197|88|
65.5|198|88|
64.0|199|88|
62.4|200|88|
60.8|201|88|
59.4|202|88|
57.8|203|88|
56.5|204|88|
55.0|205|88|
53.5|206|88|
51.9|207|88|
50.4|208|88|
48.9|209|88|
47.6|210|88|
46.3|211|88|
45.1|212|88|
43.9|213|88|
42.8|214|88|
41.9|215|88|
41.1|216|88|
44.9|190|89|
44.1|191|89|
43.3|192|89|
42.7|193|89|
42.2|194|89|
41.8|195|89|
41.2|196|89|
40.7|197|89|
40.2|198|89|
40.0|199|89|
39.7|200|89|
39.6|201|89|
39.6|202|89|
39.6|203|89|
39.7|204|89|
39.6|205|89|
39.5|206|89|
39.5|207|89|
39.4|208|89|
39.3|209|89|
39.2|210|89|
39.1|211|89|
39.0|212|89|
38.9|213|89|
38.9|214|89|
39.0|215|89|
39.1|216|89|
34.1|190|90|
33.2|191|90|
32.2|192|90|
31.2|193|90|
30.5|194|90|
29.7|195|90|
28.9|196|90|
28.4|197|90|
27.9|198|90|
27.6|199|90|
27.3|200|90|
27.0|201|90|
26.9|202|90|
26.8|203|90|
26.8|204|90|
26.6|205|90|
26.3|206|90|
25.9|207|90|
25.5|208|90|
25.3|209|90|
24.9|210|90|
24.6|211|90|
24.5|212|90|
24.5|213|90|
24.7|214|90|
24.9|215|90|
25.3|216|90|
55.4|190|91|
54.0|191|91|
52.7|192|91|
51.6|193|91|
50.4|194|91|
49.0|195|91|
47.6|196|91|
46.1|197|91|
44.5|198|91|
42.9|199|91|
41.4|200|91|
40.1|201|91|
38.9|202|91|
37.9|203|91|
37.1|204|91|
36.3|205|91|
35.8|206|91|
35.1|207|91|
34.7|208|91|
34.4|209|91|
34.6|210|91|
35.0|211|91|
35.4|212|91|
36.0|213|91|
36.6|214|91|
37.4|215|91|
38.3|216|91|
61.6|190|92|
60.4|191|92|
59.2|192|92|
58.0|193|92|
56.6|194|92|
55.3|195|92|
53.7|196|92|
52.3|197|92|
50.8|198|92|
49.6|199|92|
48.2|200|92|
47.1|201|92|
46.0|202|92|
45.2|203|92|
44.5|204|92|
43.9|205|92|
43.3|206|92|
42.9|207|92|
42.6|208|92|
42.3|209|92|
42.3|210|92|
42.2|211|92|
42.3|212|92|
42.5|213|92|
42.9|214|92|
43.3|215|92|
43.8|216|92|
34.2|190|93|
32.8|191|93|
31.7|192|93|
30.6|193|93|
29.7|194|93|
28.9|195|93|
28.2|196|93|
27.7|197|93|
27.2|198|93|
26.9|199|93|
26.6|200|93|
26.3|201|93|
26.1|202|93|
26.0|203|93|
25.9|204|93|
25.7|205|93|
25.4|206|93|
25.2|207|93|
24.9|208|93|
24.6|209|93|
24.4|210|93|
24.3|211|93|
24.4|212|93|
24.6|213|93|
24.9|214|93|
25.5|215|93|
26.1|216|93|
36.4|190|94|
35.2|191|94|
33.9|192|94|
32.8|193|94|
31.7|194|94|
30.7|195|94|
29.8|196|94|
29.0|197|94|
28.4|198|94|
27.8|199|94|
27.2|200|94|
26.9|201|94|
26.6|202|94|
26.4|203|94|
26.2|204|94|
25.9|205|94|
25.7|206|94|
25.4|207|94|
24.9|208|94|
24.6|209|94|
24.3|210|94|
24.1|211|94|
24.0|212|94|
24.1|213|94|
24.2|214|94|
24.6|215|94|
25.0|216|94|
53.0|190|95|
52.3|191|95|
51.5|192|95|
50.8|193|95|
50.1|194|95|
49.4|195|95|
48.9|196|95|
48.4|197|95|
48.0|198|95|
47.9|199|95|
47.7|200|95|
47.6|201|95|
47.6|202|95|
47.8|203|95|
47.9|204|95|
48.2|205|95|
48.3|206|95|
48.3|207|95|
48.4|208|95|
48.4|209|95|
48.7|210|95|
48.9|211|95|
49.1|212|95|
49.3|213|95|
49.6|214|95|
50.0|215|95|
50.4|216|95|
79.0|190|96|
78.8|191|96|
79.0|192|96|
79.3|193|96|
79.5|194|96|
79.6|195|96|
79.5|196|96|
78.9|197|96|
78.2|198|96|
77.4|199|96|
76.5|200|96|
75.7|201|96|
74.8|202|96|
74.1|203|96|
73.4|204|96|
72.7|205|96|
72.0|206|96|
71.4|207|96|
70.8|208|96|
70.3|209|96|
70.0|210|96|
69.7|211|96|
69.5|212|96|
69.3|213|96|
69.1|214|96|
68.8|215|96|
68.6|216|96|
44.5|190|97|
43.2|191|97|
42.2|192|97|
41.2|193|97|
40.1|194|97|
39.2|195|97|
38.2|196|97|
37.4|197|97|
36.5|198|97|
35.7|199|97|
35.0|200|97|
34.5|201|97|
34.0|202|97|
33.4|203|97|
33.1|204|97|
32.5|205|97|
31.9|206|97|
31.2|207|97|
30.5|208|97|
30.0|209|97|
29.4|210|97|
29.0|211|97|
28.7|212|97|
28.4|213|97|
28.4|214|97|
28.5|215|97|
28.8|216|97|
33.7|190|99|
32.4|191|99|
31.2|192|99|
30.2|193|99|
29.3|194|99|
28.5|195|99|
27.8|196|99|
27.3|197|99|
26.8|198|99|
26.5|199|99|
26.2|200|99|
26.0|201|99|
25.8|202|99|
25.7|203|99|
25.5|204|99|
25.3|205|99|
25.0|206|99|
24.7|207|99|
24.4|208|99|
24.1|209|99|
23.9|210|99|
23.8|211|99|
23.8|212|99|
24.0|213|99|
24.4|214|99|
24.9|215|99|
25.5|216|99|
16.1|190|100|
15.1|191|100|
14.2|192|100|
13.5|193|100|
12.8|194|100|
12.3|195|100|
11.9|196|100|
11.6|197|100|
11.3|198|100|
11.1|199|100|
10.9|200|100|
10.8|201|100|
10.7|202|100|
10.6|203|100|
10.5|204|100|
10.4|205|100|
10.4|206|100|
10.3|207|100|
10.3|208|100|
10.3|209|100|
10.3|210|100|
10.4|211|100|
10.6|212|100|
10.9|213|100|
11.4|214|100|
11.9|215|100|
12.6|216|100|
77.5|190|101|
76.6|191|101|
75.6|192|101|
74.7|193|101|
73.6|194|101|
72.5|195|101|
71.3|196|101|
70.2|197|101|
68.8|198|101|
67.4|199|101|
66.2|200|101|
64.9|201|101|
63.7|202|101|
62.5|203|101|
61.2|204|101|
60.0|205|101|
58.6|206|101|
57.1|207|101|
55.7|208|101|
54.5|209|101|
53.3|210|101|
52.4|211|101|
51.5|212|101|
50.7|213|101|
50.0|214|101|
49.3|215|101|
48.8|216|101|
80.6|190|102|
80.2|191|102|
79.8|192|102|
79.3|193|102|
78.8|194|102|
78.0|195|102|
77.4|196|102|
76.6|197|102|
75.9|198|102|
75.1|199|102|
74.4|200|102|
73.7|201|102|
72.9|202|102|
72.1|203|102|
71.2|204|102|
70.3|205|102|
69.3|206|102|
68.1|207|102|
67.0|208|102|
65.9|209|102|
64.8|210|102|
63.8|211|102|
62.8|212|102|
61.9|213|102|
60.9|214|102|
60.0|215|102|
59.2|216|102|
44.1|190|103|
42.4|191|103|
40.8|192|103|
39.2|193|103|
37.7|194|103|
36.3|195|103|
34.9|196|103|
33.6|197|103|
32.4|198|103|
31.5|199|103|
30.6|200|103|
29.9|201|103|
29.3|202|103|
29.0|203|103|
28.7|204|103|
28.5|205|103|
28.4|206|103|
28.3|207|103|
28.3|208|103|
28.4|209|103|
28.6|210|103|
28.8|211|103|
29.1|212|103|
29.4|213|103|
29.8|214|103|
30.3|215|103|
30.8|216|103|
81.1|190|104|
79.9|191|104|
78.4|192|104|
76.6|193|104|
74.6|194|104|
72.2|195|104|
69.3|196|104|
66.2|197|104|
62.7|198|104|
59.2|199|104|
55.6|200|104|
52.0|201|104|
48.8|202|104|
45.9|203|104|
43.3|204|104|
41.4|205|104|
39.5|206|104|
38.3|207|104|
37.3|208|104|
36.9|209|104|
36.7|210|104|
36.9|211|104|
37.1|212|104|
37.4|213|104|
37.9|214|104|
38.4|215|104|
39.0|216|104|
86.9|190|105|
86.8|191|105|
86.7|192|105|
86.5|193|105|
86.4|194|105|
86.2|195|105|
85.9|196|105|
85.5|197|105|
85.2|198|105|
84.7|199|105|
84.3|200|105|
83.8|201|105|
83.4|202|105|
83.0|203|105|
82.7|204|105|
82.3|205|105|
82.1|206|105|
82.1|207|105|
82.0|208|105|
82.1|209|105|
82.2|210|105|
82.5|211|105|
82.7|212|105|
82.9|213|105|
83.1|214|105|
83.3|215|105|
83.4|216|105|
16.9|190|106|
15.9|191|106|
15.0|192|106|
14.2|193|106|
13.6|194|106|
13.1|195|106|
12.7|196|106|
12.3|197|106|
12.1|198|106|
11.9|199|106|
11.7|200|106|
11.5|201|106|
11.4|202|106|
11.3|203|106|
11.2|204|106|
11.2|205|106|
11.1|206|106|
11.0|207|106|
11.0|208|106|
10.9|209|106|
11.0|210|106|
11.1|211|106|
11.3|212|106|
11.6|213|106|
12.0|214|106|
12.6|215|106|
13.3|216|106|
38.8|190|107|
38.0|191|107|
37.4|192|107|
36.9|193|107|
36.6|194|107|
36.2|195|107|
36.0|196|107|
35.8|197|107|
35.8|198|107|
35.7|199|107|
35.8|200|107|
35.9|201|107|
36.0|202|107|
36.1|203|107|
36.2|204|107|
36.3|205|107|
36.2|206|107|
36.3|207|107|
36.2|208|107|
36.2|209|107|
36.0|210|107|
36.0|211|107|
35.9|212|107|
35.8|213|107|
35.8|214|107|
35.9|215|107|
36.1|216|107|
79.2|190|108|
79.1|191|108|
78.9|192|108|
78.5|193|108|
78.2|194|108|
77.8|195|108|
77.4|196|108|
76.9|197|108|
76.4|198|108|
75.8|199|108|
75.3|200|108|
74.6|201|108|
74.0|202|108|
73.5|203|108|
72.9|204|108|
72.4|205|108|
71.8|206|108|
71.2|207|108|
70.6|208|108|
70.2|209|108|
69.8|210|108|
69.5|211|108|
69.1|212|108|
68.8|213|108|
68.5|214|108|
68.2|215|108|
67.9|216|108|
65.0|190|109|
63.4|191|109|
61.7|192|109|
60.1|193|109|
58.5|194|109|
56.9|195|109|
55.3|196|109|
53.7|197|109|
52.3|198|109|
50.9|199|109|
49.7|200|109|
48.6|201|109|
47.7|202|109|
46.9|203|109|
46.0|204|109|
45.2|205|109|
44.4|206|109|
43.4|207|109|
42.5|208|109|
41.6|209|109|
41.0|210|109|
40.4|211|109|
39.9|212|109|
39.5|213|109|
39.3|214|109|
39.1|215|109|
39.1|216|109|
40.9|190|110|
39.6|191|110|
38.3|192|110|
37.1|193|110|
36.0|194|110|
35.0|195|110|
34.1|196|110|
33.4|197|110|
32.5|198|110|
31.7|199|110|
31.0|200|110|
30.4|201|110|
30.0|202|110|
29.5|203|110|
29.1|204|110|
28.8|205|110|
28.3|206|110|
28.0|207|110|
27.5|208|110|
27.2|209|110|
27.0|210|110|
26.9|211|110|
26.9|212|110|
27.0|213|110|
27.3|214|110|
27.7|215|110|
28.2|216|110|
35.9|190|111|
35.0|191|111|
34.3|192|111|
33.6|193|111|
33.1|194|111|
32.8|195|111|
32.6|196|111|
32.4|197|111|
32.5|198|111|
32.6|199|111|
32.8|200|111|
33.1|201|111|
33.4|202|111|
33.9|203|111|
34.4|204|111|
34.8|205|111|
35.2|206|111|
35.5|207|111|
35.8|208|111|
36.1|209|111|
36.3|210|111|
36.5|211|111|
36.7|212|111|
37.0|213|111|
37.4|214|111|
37.7|215|111|
38.2|216|111|
34.2|190|112|
33.1|191|112|
32.1|192|112|
31.3|193|112|
30.7|194|112|
30.2|195|112|
29.9|196|112|
29.7|197|112|
29.7|198|112|
29.7|199|112|
29.8|200|112|
30.0|201|112|
30.1|202|112|
30.2|203|112|
30.3|204|112|
30.1|205|112|
29.8|206|112|
29.3|207|112|
28.7|208|112|
28.0|209|112|
27.3|210|112|
26.7|211|112|
26.3|212|112|
26.0|213|112|
25.9|214|112|
26.0|215|112|
26.3|216|112|
43.4|190|114|
41.9|191|114|
40.5|192|114|
38.9|193|114|
37.4|194|114|
35.9|195|114|
34.3|196|114|
32.8|197|114|
31.3|198|114|
30.0|199|114|
28.8|200|114|
27.9|201|114|
27.2|202|114|
26.5|203|114|
26.0|204|114|
25.8|205|114|
25.6|206|114|
25.5|207|114|
25.5|208|114|
25.8|209|114|
26.0|210|114|
26.6|211|114|
27.0|212|114|
27.7|213|114|
28.4|214|114|
29.3|215|114|
30.3|216|114|
36.5|190|115|
35.0|191|115|
33.6|192|115|
32.3|193|115|
31.2|194|115|
30.3|195|115|
29.5|196|115|
28.8|197|115|
28.3|198|115|
27.9|199|115|
27.6|200|115|
27.4|201|115|
27.2|202|115|
27.1|203|115|
26.9|204|115|
26.8|205|115|
26.6|206|115|
26.3|207|115|
26.0|208|115|
25.7|209|115|
25.5|210|115|
25.4|211|115|
25.4|212|115|
25.5|213|115|
25.8|214|115|
26.3|215|115|
26.9|216|115|
47.0|190|116|
45.4|191|116|
43.7|192|116|
42.4|193|116|
40.9|194|116|
39.6|195|116|
38.4|196|116|
37.2|197|116|
36.2|198|116|
35.2|199|116|
34.4|200|116|
34.0|201|116|
33.5|202|116|
33.2|203|116|
32.9|204|116|
32.9|205|116|
32.6|206|116|
32.4|207|116|
32.2|208|116|
32.0|209|116|
32.0|210|116|
32.0|211|116|
32.2|212|116|
32.4|213|116|
32.8|214|116|
33.3|215|116|
34.0|216|116|
81.4|190|117|
81.0|191|117|
80.5|192|117|
80.0|193|117|
79.4|194|117|
78.7|195|117|
77.9|196|117|
77.1|197|117|
76.2|198|117|
75.3|199|117|
74.4|200|117|
73.5|201|117|
72.7|202|117|
71.8|203|117|
70.8|204|117|
70.0|205|117|
69.0|206|117|
68.0|207|117|
66.9|208|117|
66.0|209|117|
65.2|210|117|
64.4|211|117|
63.5|212|117|
62.6|213|117|
61.8|214|117|
60.9|215|117|
60.2|216|117|
62.1|190|118|
60.6|191|118|
59.1|192|118|
57.6|193|118|
56.1|194|118|
54.5|195|118|
52.7|196|118|
51.2|197|118|
49.6|198|118|
48.1|199|118|
46.8|200|118|
45.7|201|118|
44.8|202|118|
44.1|203|118|
43.6|204|118|
43.5|205|118|
43.3|206|118|
43.5|207|118|
43.8|208|118|
44.4|209|118|
45.3|210|118|
46.2|211|118|
47.4|212|118|
48.6|213|118|
50.0|214|118|
51.5|215|118|
52.9|216|118|
55.0|190|119|
54.4|191|119|
54.0|192|119|
53.7|193|119|
53.3|194|119|
52.9|195|119|
52.6|196|119|
52.4|197|119|
52.2|198|119|
51.9|199|119|
51.8|200|119|
51.7|201|119|
51.7|202|119|
51.6|203|119|
51.5|204|119|
51.3|205|119|
51.0|206|119|
50.8|207|119|
50.4|208|119|
50.0|209|119|
49.7|210|119|
49.3|211|119|
48.8|212|119|
48.3|213|119|
47.9|214|119|
47.4|215|119|
47.1|216|119|
73.9|190|121|
73.2|191|121|
72.5|192|121|
71.7|193|121|
70.8|194|121|
70.0|195|121|
69.0|196|121|
67.9|197|121|
66.8|198|121|
65.5|199|121|
64.1|200|121|
62.4|201|121|
60.9|202|121|
59.2|203|121|
57.6|204|121|
55.9|205|121|
54.1|206|121|
52.5|207|121|
51.0|208|121|
49.4|209|121|
48.1|210|121|
46.8|211|121|
45.7|212|121|
44.8|213|121|
44.0|214|121|
43.3|215|121|
42.7|216|121|
16.9|190|122|
15.8|191|122|
14.9|192|122|
14.1|193|122|
13.4|194|122|
12.8|195|122|
12.4|196|122|
12.0|197|122|
11.7|198|122|
11.4|199|122|
11.2|200|122|
11.0|201|122|
10.8|202|122|
10.7|203|122|
10.6|204|122|
10.5|205|122|
10.4|206|122|
10.3|207|122|
10.3|208|122|
10.3|209|122|
10.3|210|122|
10.4|211|122|
10.6|212|122|
10.9|213|122|
11.3|214|122|
11.8|215|122|
12.5|216|122|
16.5|190|123|
15.4|191|123|
14.5|192|123|
13.7|193|123|
13.0|194|123|
12.5|195|123|
12.1|196|123|
11.7|197|123|
11.5|198|123|
11.2|199|123|
11.1|200|123|
11.0|201|123|
10.9|202|123|
10.8|203|123|
10.7|204|123|
10.7|205|123|
10.6|206|123|
10.6|207|123|
10.6|208|123|
10.6|209|123|
10.6|210|123|
10.8|211|123|
11.0|212|123|
11.3|213|123|
11.8|214|123|
12.3|215|123|
13.0|216|123|
48.1|190|124|
46.1|191|124|
44.1|192|124|
42.2|193|124|
40.2|194|124|
38.3|195|124|
36.4|196|124|
34.6|197|124|
32.8|198|124|
31.2|199|124|
29.8|200|124|
28.4|201|124|
27.3|202|124|
26.4|203|124|
25.8|204|124|
25.3|205|124|
25.1|206|124|
24.9|207|124|
25.0|208|124|
25.1|209|124|
25.5|210|124|
25.8|211|124|
26.3|212|124|
26.9|213|124|
27.6|214|124|
28.4|215|124|
29.2|216|124|
85.9|190|125|
86.0|191|125|
86.0|192|125|
86.0|193|125|
85.9|194|125|
85.8|195|125|
85.6|196|125|
85.4|197|125|
85.1|198|125|
84.8|199|125|
84.5|200|125|
84.1|201|125|
83.6|202|125|
83.1|203|125|
82.6|204|125|
82.0|205|125|
81.5|206|125|
81.0|207|125|
80.4|208|125|
79.9|209|125|
79.4|210|125|
79.0|211|125|
78.7|212|125|
78.3|213|125|
78.0|214|125|
77.6|215|125|
77.3|216|125|
79.7|190|126|
79.8|191|126|
79.7|192|126|
79.7|193|126|
79.6|194|126|
79.5|195|126|
79.3|196|126|
79.0|197|126|
78.8|198|126|
78.4|199|126|
78.0|200|126|
77.5|201|126|
77.0|202|126|
76.5|203|126|
75.9|204|126|
75.3|205|126|
74.7|206|126|
74.1|207|126|
73.4|208|126|
72.7|209|126|
72.0|210|126|
71.4|211|126|
70.7|212|126|
70.1|213|126|
69.5|214|126|
68.9|215|126|
68.3|216|126|
43.4|190|127|
41.9|191|127|
40.3|192|127|
38.8|193|127|
37.5|194|127|
36.1|195|127|
35.0|196|127|
33.8|197|127|
32.7|198|127|
31.6|199|127|
30.7|200|127|
29.7|201|127|
29.1|202|127|
28.5|203|127|
28.1|204|127|
27.8|205|127|
27.6|206|127|
27.4|207|127|
27.4|208|127|
27.5|209|127|
27.7|210|127|
28.1|211|127|
28.5|212|127|
29.0|213|127|
29.7|214|127|
30.5|215|127|
31.3|216|127|
35.3|190|128|
33.6|191|128|
31.9|192|128|
30.4|193|128|
29.2|194|128|
28.1|195|128|
27.3|196|128|
26.5|197|128|
25.9|198|128|
25.5|199|128|
25.2|200|128|
25.0|201|128|
24.9|202|128|
24.8|203|128|
24.7|204|128|
24.5|205|128|
24.3|206|128|
24.0|207|128|
23.6|208|128|
23.3|209|128|
23.0|210|128|
22.9|211|128|
22.9|212|128|
23.2|213|128|
23.6|214|128|
24.3|215|128|
25.1|216|128|
16.0|190|129|
14.9|191|129|
14.0|192|129|
13.3|193|129|
12.7|194|129|
12.2|195|129|
11.8|196|129|
11.4|197|129|
11.2|198|129|
10.9|199|129|
10.7|200|129|
10.6|201|129|
10.4|202|129|
10.3|203|129|
10.3|204|129|
10.2|205|129|
10.1|206|129|
10.0|207|129|
10.0|208|129|
9.9|209|129|
10.0|210|129|
10.1|211|129|
10.2|212|129|
10.5|213|129|
10.9|214|129|
11.4|215|129|
12.1|216|129|
55.5|190|130|
54.6|191|130|
53.5|192|130|
52.5|193|130|
51.2|194|130|
50.2|195|130|
49.2|196|130|
48.0|197|130|
46.9|198|130|
45.9|199|130|
44.9|200|130|
44.2|201|130|
43.6|202|130|
43.1|203|130|
42.5|204|130|
42.0|205|130|
41.5|206|130|
40.9|207|130|
40.3|208|130|
39.8|209|130|
39.3|210|130|
39.0|211|130|
38.7|212|130|
38.5|213|130|
38.4|214|130|
38.3|215|130|
38.4|216|130|
70.8|190|131|
69.8|191|131|
68.7|192|131|
67.5|193|131|
66.3|194|131|
65.1|195|131|
63.8|196|131|
62.5|197|131|
61.2|198|131|
60.0|199|131|
58.9|200|131|
58.2|201|131|
57.5|202|131|
57.1|203|131|
56.7|204|131|
56.5|205|131|
56.3|206|131|
56.3|207|131|
56.4|208|131|
56.8|209|131|
57.0|210|131|
57.5|211|131|
57.7|212|131|
58.0|213|131|
58.2|214|131|
58.5|215|131|
58.8|216|131|
39.2|190|133|
37.9|191|133|
36.5|192|133|
35.3|193|133|
34.1|194|133|
32.9|195|133|
31.8|196|133|
30.8|197|133|
29.7|198|133|
29.0|199|133|
28.3|200|133|
27.8|201|133|
27.4|202|133|
27.2|203|133|
27.0|204|133|
26.7|205|133|
26.4|206|133|
26.0|207|133|
25.7|208|133|
25.3|209|133|
25.2|210|133|
25.1|211|133|
25.0|212|133|
25.2|213|133|
25.4|214|133|
25.8|215|133|
26.4|216|133|
29.6|190|134|
29.1|191|134|
28.6|192|134|
28.4|193|134|
28.3|194|134|
28.4|195|134|
28.6|196|134|
28.6|197|134|
28.8|198|134|
29.1|199|134|
29.3|200|134|
29.5|201|134|
29.8|202|134|
30.0|203|134|
30.2|204|134|
30.3|205|134|
30.4|206|134|
30.2|207|134|
30.0|208|134|
29.8|209|134|
29.4|210|134|
29.2|211|134|
28.9|212|134|
28.7|213|134|
28.6|214|134|
28.6|215|134|
28.7|216|134|
56.3|190|135|
55.6|191|135|
54.7|192|135|
53.9|193|135|
53.2|194|135|
52.5|195|135|
51.8|196|135|
51.1|197|135|
50.7|198|135|
50.2|199|135|
49.9|200|135|
49.5|201|135|
49.4|202|135|
49.1|203|135|
49.0|204|135|
48.9|205|135|
48.7|206|135|
48.6|207|135|
48.3|208|135|
48.2|209|135|
48.1|210|135|
47.9|211|135|
47.9|212|135|
48.0|213|135|
48.0|214|135|
48.1|215|135|
48.4|216|135|
38.0|190|136|
36.3|191|136|
34.8|192|136|
33.2|193|136|
31.9|194|136|
30.8|195|136|
29.6|196|136|
28.7|197|136|
27.9|198|136|
27.0|199|136|
26.4|200|136|
25.9|201|136|
25.4|202|136|
25.1|203|136|
24.8|204|136|
24.4|205|136|
24.1|206|136|
23.9|207|136|
23.6|208|136|
23.5|209|136|
23.5|210|136|
23.6|211|136|
23.8|212|136|
24.1|213|136|
24.5|214|136|
25.0|215|136|
25.7|216|136|
54.6|190|137|
54.1|191|137|
53.8|192|137|
53.5|193|137|
53.3|194|137|
52.9|195|137|
52.4|196|137|
51.9|197|137|
51.4|198|137|
50.9|199|137|
50.3|200|137|
49.8|201|137|
49.2|202|137|
48.7|203|137|
47.9|204|137|
46.7|205|137|
45.5|206|137|
44.2|207|137|
42.7|208|137|
41.1|209|137|
39.5|210|137|
37.9|211|137|
36.4|212|137|
35.1|213|137|
33.9|214|137|
32.8|215|137|
31.9|216|137|
44.9|190|138|
43.8|191|138|
42.7|192|138|
41.7|193|138|
40.7|194|138|
39.8|195|138|
38.8|196|138|
37.9|197|138|
37.0|198|138|
36.1|199|138|
35.3|200|138|
34.4|201|138|
33.5|202|138|
32.6|203|138|
31.5|204|138|
30.4|205|138|
29.1|206|138|
27.7|207|138|
26.2|208|138|
24.7|209|138|
23.4|210|138|
22.0|211|138|
20.6|212|138|
19.5|213|138|
18.6|214|138|
17.9|215|138|
17.5|216|138|
34.1|190|139|
32.7|191|139|
31.5|192|139|
30.4|193|139|
29.4|194|139|
28.7|195|139|
28.0|196|139|
27.5|197|139|
27.1|198|139|
26.7|199|139|
26.5|200|139|
26.3|201|139|
26.1|202|139|
26.0|203|139|
25.9|204|139|
25.7|205|139|
25.4|206|139|
25.1|207|139|
24.8|208|139|
24.6|209|139|
24.4|210|139|
24.3|211|139|
24.4|212|139|
24.6|213|139|
25.1|214|139|
25.6|215|139|
26.3|216|139|
19.8|190|140|
18.5|191|140|
17.5|192|140|
16.5|193|140|
15.7|194|140|
15.1|195|140|
14.5|196|140|
14.1|197|140|
13.6|198|140|
13.3|199|140|
13.0|200|140|
12.7|201|140|
12.5|202|140|
12.3|203|140|
12.1|204|140|
12.0|205|140|
11.8|206|140|
11.7|207|140|
11.5|208|140|
11.5|209|140|
11.5|210|140|
11.5|211|140|
11.7|212|140|
11.9|213|140|
12.3|214|140|
12.8|215|140|
13.5|216|140|
35.2|190|141|
34.3|191|141|
33.3|192|141|
32.6|193|141|
32.0|194|141|
31.3|195|141|
30.7|196|141|
30.1|197|141|
29.5|198|141|
29.1|199|141|
28.7|200|141|
28.4|201|141|
28.3|202|141|
28.1|203|141|
27.9|204|141|
27.8|205|141|
27.5|206|141|
27.2|207|141|
26.8|208|141|
26.5|209|141|
26.1|210|141|
25.9|211|141|
25.7|212|141|
25.7|213|141|
25.8|214|141|
26.0|215|141|
26.3|216|141|
35.1|190|142|
33.7|191|142|
32.4|192|142|
31.4|193|142|
30.5|194|142|
29.6|195|142|
29.0|196|142|
28.4|197|142|
27.9|198|142|
27.5|199|142|
27.2|200|142|
27.0|201|142|
26.9|202|142|
26.7|203|142|
26.6|204|142|
26.4|205|142|
26.2|206|142|
25.9|207|142|
25.6|208|142|
25.4|209|142|
25.2|210|142|
25.1|211|142|
25.2|212|142|
25.4|213|142|
25.7|214|142|
26.2|215|142|
26.8|216|142|
33.7|190|143|
32.4|191|143|
31.1|192|143|
30.1|193|143|
29.2|194|143|
28.4|195|143|
27.8|196|143|
27.3|197|143|
26.9|198|143|
26.6|199|143|
26.3|200|143|
26.1|201|143|
26.0|202|143|
25.8|203|143|
25.7|204|143|
25.5|205|143|
25.2|206|143|
24.9|207|143|
24.6|208|143|
24.3|209|143|
24.1|210|143|
23.9|211|143|
23.9|212|143|
24.1|213|143|
24.5|214|143|
25.0|215|143|
25.7|216|143|
63.7|190|144|
62.2|191|144|
60.6|192|144|
58.9|193|144|
57.5|194|144|
55.9|195|144|
54.4|196|144|
52.9|197|144|
51.7|198|144|
50.6|199|144|
49.7|200|144|
48.7|201|144|
47.7|202|144|
47.1|203|144|
46.2|204|144|
45.1|205|144|
44.0|206|144|
43.0|207|144|
41.8|208|144|
40.7|209|144|
39.8|210|144|
39.0|211|144|
38.3|212|144|
37.6|213|144|
37.0|214|144|
36.5|215|144|
36.2|216|144|
41.2|190|145|
40.0|191|145|
38.9|192|145|
37.8|193|145|
37.0|194|145|
36.3|195|145|
35.7|196|145|
35.1|197|145|
34.8|198|145|
34.7|199|145|
34.7|200|145|
35.0|201|145|
35.2|202|145|
35.5|203|145|
36.0|204|145|
36.5|205|145|
36.8|206|145|
37.2|207|145|
37.6|208|145|
38.1|209|145|
38.5|210|145|
39.1|211|145|
39.6|212|145|
40.3|213|145|
41.1|214|145|
42.0|215|145|
43.0|216|145|
70.1|190|147|
69.5|191|147|
68.8|192|147|
68.1|193|147|
67.4|194|147|
66.7|195|147|
66.0|196|147|
65.3|197|147|
64.5|198|147|
63.8|199|147|
63.2|200|147|
62.7|201|147|
62.3|202|147|
62.0|203|147|
61.8|204|147|
61.6|205|147|
61.5|206|147|
61.5|207|147|
61.7|208|147|
61.9|209|147|
62.3|210|147|
62.8|211|147|
63.3|212|147|
63.8|213|147|
64.4|214|147|
64.8|215|147|
65.3|216|147|
55.2|190|148|
54.2|191|148|
53.3|192|148|
52.3|193|148|
51.4|194|148|
50.6|195|148|
49.6|196|148|
48.6|197|148|
47.7|198|148|
46.8|199|148|
45.9|200|148|
45.2|201|148|
44.6|202|148|
44.0|203|148|
43.4|204|148|
42.9|205|148|
42.2|206|148|
41.5|207|148|
40.8|208|148|
40.2|209|148|
39.6|210|148|
39.1|211|148|
38.7|212|148|
38.3|213|148|
38.0|214|148|
37.8|215|148|
37.8|216|148|
83.0|190|149|
83.3|191|149|
83.6|192|149|
83.7|193|149|
83.9|194|149|
84.0|195|149|
84.0|196|149|
84.0|197|149|
83.9|198|149|
83.7|199|149|
83.4|200|149|
83.1|201|149|
82.7|202|149|
82.3|203|149|
81.8|204|149|
81.1|205|149|
80.4|206|149|
79.6|207|149|
78.7|208|149|
77.6|209|149|
76.5|210|149|
75.2|211|149|
73.8|212|149|
72.3|213|149|
70.8|214|149|
69.3|215|149|
67.9|216|149|
36.6|190|150|
35.2|191|150|
33.8|192|150|
32.6|193|150|
31.6|194|150|
30.7|195|150|
29.9|196|150|
29.3|197|150|
28.8|198|150|
28.4|199|150|
28.0|200|150|
27.8|201|150|
27.6|202|150|
27.4|203|150|
27.2|204|150|
26.9|205|150|
26.6|206|150|
26.3|207|150|
25.9|208|150|
25.5|209|150|
25.2|210|150|
25.0|211|150|
25.0|212|150|
25.1|213|150|
25.4|214|150|
25.8|215|150|
26.4|216|150|
54.4|190|151|
52.6|191|151|
50.8|192|151|
49.1|193|151|
47.4|194|151|
45.9|195|151|
44.5|196|151|
43.1|197|151|
42.0|198|151|
40.9|199|151|
40.1|200|151|
39.4|201|151|
38.8|202|151|
38.4|203|151|
38.1|204|151|
37.7|205|151|
37.2|206|151|
36.5|207|151|
36.1|208|151|
35.5|209|151|
35.1|210|151|
35.0|211|151|
34.8|212|151|
34.7|213|151|
34.7|214|151|
34.8|215|151|
35.0|216|151|
82.2|190|152|
82.1|191|152|
82.0|192|152|
81.9|193|152|
81.7|194|152|
81.5|195|152|
81.3|196|152|
81.1|197|152|
80.8|198|152|
80.6|199|152|
80.2|200|152|
79.8|201|152|
79.4|202|152|
79.0|203|152|
78.6|204|152|
78.4|205|152|
78.1|206|152|
77.8|207|152|
77.7|208|152|
77.5|209|152|
77.5|210|152|
77.4|211|152|
77.4|212|152|
77.4|213|152|
77.3|214|152|
77.3|215|152|
77.3|216|152|
20.0|190|153|
19.1|191|153|
18.2|192|153|
17.4|193|153|
16.7|194|153|
16.1|195|153|
15.5|196|153|
15.0|197|153|
14.7|198|153|
14.3|199|153|
14.1|200|153|
13.9|201|153|
13.8|202|153|
13.7|203|153|
13.7|204|153|
13.7|205|153|
13.7|206|153|
13.7|207|153|
13.8|208|153|
13.9|209|153|
14.1|210|153|
14.3|211|153|
14.6|212|153|
15.0|213|153|
15.5|214|153|
16.2|215|153|
16.9|216|153|
35.0|190|154|
33.6|191|154|
32.4|192|154|
31.3|193|154|
30.4|194|154|
29.6|195|154|
28.9|196|154|
28.3|197|154|
27.8|198|154|
27.5|199|154|
27.1|200|154|
26.9|201|154|
26.7|202|154|
26.5|203|154|
26.3|204|154|
26.1|205|154|
25.9|206|154|
25.5|207|154|
25.2|208|154|
24.9|209|154|
24.7|210|154|
24.5|211|154|
24.5|212|154|
24.7|213|154|
25.0|214|154|
25.4|215|154|
26.1|216|154|
35.7|190|155|
34.3|191|155|
33.0|192|155|
31.9|193|155|
30.9|194|155|
30.0|195|155|
29.3|196|155|
28.7|197|155|
28.2|198|155|
27.8|199|155|
27.5|200|155|
27.2|201|155|
27.0|202|155|
26.8|203|155|
26.6|204|155|
26.4|205|155|
26.1|206|155|
25.8|207|155|
25.5|208|155|
25.2|209|155|
25.0|210|155|
25.0|211|155|
25.0|212|155|
25.3|213|155|
25.7|214|155|
26.2|215|155|
26.9|216|155|
50.7|190|156|
49.9|191|156|
49.1|192|156|
48.6|193|156|
48.0|194|156|
47.6|195|156|
47.2|196|156|
47.0|197|156|
46.7|198|156|
46.6|199|156|
46.8|200|156|
46.8|201|156|
47.0|202|156|
47.0|203|156|
47.1|204|156|
47.0|205|156|
46.7|206|156|
46.4|207|156|
46.0|208|156|
45.5|209|156|
45.2|210|156|
44.7|211|156|
44.2|212|156|
43.8|213|156|
43.4|214|156|
43.0|215|156|
42.9|216|156|
76.5|190|157|
75.7|191|157|
74.8|192|157|
73.8|193|157|
72.9|194|157|
71.8|195|157|
70.7|196|157|
69.6|197|157|
68.3|198|157|
67.3|199|157|
66.1|200|157|
65.0|201|157|
64.0|202|157|
63.2|203|157|
62.3|204|157|
61.5|205|157|
60.8|206|157|
59.9|207|157|
59.1|208|157|
58.3|209|157|
57.7|210|157|
57.1|211|157|
56.7|212|157|
56.3|213|157|
56.1|214|157|
55.9|215|157|
55.8|216|157|
34.9|190|158|
34.4|191|158|
34.0|192|158|
33.9|193|158|
33.8|194|158|
33.9|195|158|
34.0|196|158|
34.5|197|158|
34.8|198|158|
35.2|199|158|
35.6|200|158|
36.1|201|158|
36.7|202|158|
37.1|203|158|
37.6|204|158|
37.9|205|158|
38.0|206|158|
38.0|207|158|
37.9|208|158|
37.8|209|158|
37.7|210|158|
37.5|211|158|
37.2|212|158|
37.0|213|158|
36.8|214|158|
36.7|215|158|
36.8|216|158|
12.8|190|159|
12.0|191|159|
11.3|192|159|
10.8|193|159|
10.4|194|159|
10.1|195|159|
9.9|196|159|
9.8|197|159|
9.7|198|159|
9.7|199|159|
9.7|200|159|
9.7|201|159|
9.7|202|159|
9.7|203|159|
9.7|204|159|
9.7|205|159|
9.7|206|159|
9.7|207|159|
9.8|208|159|
9.8|209|159|
9.9|210|159|
10.0|211|159|
10.3|212|159|
10.6|213|159|
11.0|214|159|
11.6|215|159|
12.3|216|159|
80.1|190|160|
79.4|191|160|
78.8|192|160|
78.0|193|160|
77.4|194|160|
76.7|195|160|
75.8|196|160|
75.0|197|160|
74.1|198|160|
73.1|199|160|
72.2|200|160|
71.3|201|160|
70.4|202|160|
69.4|203|160|
68.6|204|160|
67.6|205|160|
66.6|206|160|
65.4|207|160|
64.3|208|160|
63.3|209|160|
62.4|210|160|
61.5|211|160|
60.7|212|160|
59.9|213|160|
59.2|214|160|
58.6|215|160|
58.0|216|160|
17.4|190|161|
16.3|191|161|
15.3|192|161|
14.5|193|161|
13.8|194|161|
13.2|195|161|
12.7|196|161|
12.3|197|161|
12.0|198|161|
11.8|199|161|
11.6|200|161|
11.4|201|161|
11.3|202|161|
11.1|203|161|
11.0|204|161|
10.9|205|161|
10.8|206|161|
10.7|207|161|
10.6|208|161|
10.6|209|161|
10.7|210|161|
10.8|211|161|
11.0|212|161|
11.3|213|161|
11.8|214|161|
12.4|215|161|
13.1|216|161|
49.9|190|162|
48.2|191|162|
46.7|192|162|
45.1|193|162|
43.6|194|162|
42.1|195|162|
40.6|196|162|
39.1|197|162|
37.7|198|162|
36.4|199|162|
35.1|200|162|
34.0|201|162|
33.2|202|162|
32.4|203|162|
31.6|204|162|
30.9|205|162|
30.2|206|162|
29.2|207|162|
28.4|208|162|
27.5|209|162|
26.8|210|162|
26.1|211|162|
25.5|212|162|
25.3|213|162|
25.2|214|162|
25.3|215|162|
25.6|216|162|
45.1|190|164|
43.9|191|164|
42.9|192|164|
41.9|193|164|
41.2|194|164|
40.4|195|164|
39.7|196|164|
39.1|197|164|
38.7|198|164|
38.2|199|164|
37.9|200|164|
37.5|201|164|
37.6|202|164|
37.5|203|164|
37.3|204|164|
37.2|205|164|
37.1|206|164|
36.8|207|164|
36.5|208|164|
36.3|209|164|
36.0|210|164|
35.6|211|164|
35.3|212|164|
35.1|213|164|
35.1|214|164|
35.1|215|164|
35.3|216|164|
42.7|190|165|
41.6|191|165|
40.5|192|165|
39.7|193|165|
38.9|194|165|
38.1|195|165|
37.5|196|165|
36.9|197|165|
36.4|198|165|
36.0|199|165|
35.5|200|165|
35.3|201|165|
35.1|202|165|
35.0|203|165|
34.9|204|165|
34.8|205|165|
34.6|206|165|
34.3|207|165|
34.0|208|165|
33.6|209|165|
33.3|210|165|
33.2|211|165|
32.9|212|165|
32.8|213|165|
32.7|214|165|
32.8|215|165|
32.9|216|165|
85.4|190|166|
84.8|191|166|
84.1|192|166|
83.3|193|166|
82.6|194|166|
81.7|195|166|
80.7|196|166|
79.7|197|166|
78.5|198|166|
77.3|199|166|
76.0|200|166|
74.8|201|166|
73.5|202|166|
72.1|203|166|
70.9|204|166|
69.6|205|166|
68.3|206|166|
66.7|207|166|
65.3|208|166|
64.0|209|166|
62.9|210|166|
61.7|211|166|
60.6|212|166|
59.7|213|166|
58.7|214|166|
57.9|215|166|
57.2|216|166|
44.0|190|167|
43.2|191|167|
42.4|192|167|
41.9|193|167|
41.4|194|167|
40.9|195|167|
40.4|196|167|
40.0|197|167|
39.5|198|167|
39.2|199|167|
38.9|200|167|
38.5|201|167|
38.4|202|167|
38.2|203|167|
38.0|204|167|
37.8|205|167|
37.5|206|167|
37.2|207|167|
36.7|208|167|
36.3|209|167|
35.8|210|167|
35.4|211|167|
35.0|212|167|
34.7|213|167|
34.5|214|167|
34.3|215|167|
34.3|216|167|
15.5|190|168|
14.5|191|168|
13.7|192|168|
13.0|193|168|
12.4|194|168|
12.0|195|168|
11.6|196|168|
11.3|197|168|
11.1|198|168|
10.9|199|168|
10.8|200|168|
10.7|201|168|
10.6|202|168|
10.5|203|168|
10.4|204|168|
10.4|205|168|
10.3|206|168|
10.2|207|168|
10.2|208|168|
10.2|209|168|
10.2|210|168|
10.3|211|168|
10.5|212|168|
10.8|213|168|
11.1|214|168|
11.7|215|168|
12.3|216|168|
16.7|190|169|
15.6|191|169|
14.6|192|169|
13.8|193|169|
13.1|194|169|
12.6|195|169|
12.1|196|169|
11.8|197|169|
11.5|198|169|
11.3|199|169|
11.1|200|169|
11.0|201|169|
10.9|202|169|
10.8|203|169|
10.7|204|169|
10.6|205|169|
10.5|206|169|
10.4|207|169|
10.4|208|169|
10.4|209|169|
10.5|210|169|
10.6|211|169|
10.8|212|169|
11.1|213|169|
11.6|214|169|
12.2|215|169|
12.9|216|169|
52.1|190|170|
50.9|191|170|
49.7|192|170|
48.5|193|170|
47.3|194|170|
46.2|195|170|
45.0|196|170|
43.9|197|170|
42.7|198|170|
41.7|199|170|
40.8|200|170|
40.1|201|170|
39.4|202|170|
39.0|203|170|
38.5|204|170|
38.0|205|170|
37.4|206|170|
36.8|207|170|
36.1|208|170|
35.5|209|170|
35.1|210|170|
34.9|211|170|
34.6|212|170|
34.4|213|170|
34.4|214|170|
34.5|215|170|
34.9|216|170|
47.2|190|171|
46.2|191|171|
45.4|192|171|
44.7|193|171|
44.1|194|171|
43.4|195|171|
42.9|196|171|
42.2|197|171|
41.5|198|171|
40.7|199|171|
39.8|200|171|
39.0|201|171|
38.2|202|171|
37.5|203|171|
36.8|204|171|
36.0|205|171|
35.2|206|171|
34.4|207|171|
33.5|208|171|
32.6|209|171|
31.9|210|171|
31.4|211|171|
31.0|212|171|
30.8|213|171|
30.8|214|171|
30.9|215|171|
31.3|216|171|
78.2|190|172|
77.7|191|172|
77.3|192|172|
76.8|193|172|
76.4|194|172|
75.8|195|172|
75.3|196|172|
74.6|197|172|
74.1|198|172|
73.4|199|172|
72.7|200|172|
72.0|201|172|
71.3|202|172|
70.6|203|172|
69.7|204|172|
68.7|205|172|
67.7|206|172|
66.5|207|172|
65.1|208|172|
63.7|209|172|
62.4|210|172|
61.0|211|172|
59.7|212|172|
58.5|213|172|
57.3|214|172|
56.2|215|172|
55.2|216|172|
42.3|190|173|
40.4|191|173|
38.5|192|173|
36.7|193|173|
35.0|194|173|
33.2|195|173|
31.8|196|173|
30.4|197|173|
29.3|198|173|
28.3|199|173|
27.6|200|173|
26.8|201|173|
26.3|202|173|
25.7|203|173|
25.4|204|173|
25.2|205|173|
24.9|206|173|
24.8|207|173|
24.7|208|173|
24.7|209|173|
25.0|210|173|
25.2|211|173|
25.5|212|173|
26.0|213|173|
26.7|214|173|
27.4|215|173|
28.3|216|173|
53.6|190|174|
51.9|191|174|
50.1|192|174|
48.3|193|174|
46.4|194|174|
44.4|195|174|
42.6|196|174|
40.8|197|174|
39.2|198|174|
37.9|199|174|
36.7|200|174|
36.0|201|174|
35.8|202|174|
35.8|203|174|
36.3|204|174|
37.3|205|174|
38.7|206|174|
40.2|207|174|
42.0|208|174|
44.3|209|174|
46.7|210|174|
49.5|211|174|
52.2|212|174|
54.9|213|174|
57.3|214|174|
59.5|215|174|
61.4|216|174|
81.0|190|175|
81.0|191|175|
80.8|192|175|
80.7|193|175|
80.5|194|175|
80.2|195|175|
79.8|196|175|
79.4|197|175|
78.9|198|175|
78.5|199|175|
77.9|200|175|
77.4|201|175|
76.9|202|175|
76.3|203|175|
75.7|204|175|
75.2|205|175|
74.6|206|175|
74.1|207|175|
73.6|208|175|
73.1|209|175|
72.7|210|175|
72.3|211|175|
72.0|212|175|
71.8|213|175|
71.5|214|175|
71.2|215|175|
71.0|216|175|
44.3|190|176|
43.3|191|176|
42.3|192|176|
41.5|193|176|
40.9|194|176|
40.3|195|176|
39.8|196|176|
39.4|197|176|
39.1|198|176|
38.8|199|176|
38.7|200|176|
38.6|201|176|
38.5|202|176|
38.7|203|176|
38.7|204|176|
38.7|205|176|
38.6|206|176|
38.5|207|176|
38.3|208|176|
38.1|209|176|
37.9|210|176|
37.8|211|176|
37.6|212|176|
37.6|213|176|
37.6|214|176|
37.7|215|176|
37.9|216|176|
42.7|190|177|
41.5|191|177|
40.3|192|177|
39.3|193|177|
38.3|194|177|
37.4|195|177|
36.6|196|177|
35.9|197|177|
35.3|198|177|
34.6|199|177|
34.1|200|177|
33.9|201|177|
33.7|202|177|
33.5|203|177|
33.4|204|177|
33.2|205|177|
33.0|206|177|
32.8|207|177|
32.5|208|177|
32.2|209|177|
32.0|210|177|
31.9|211|177|
31.7|212|177|
31.6|213|177|
31.7|214|177|
31.8|215|177|
32.1|216|177|
40.7|190|178|
39.0|191|178|
37.3|192|178|
35.8|193|178|
34.4|194|178|
33.0|195|178|
31.9|196|178|
30.9|197|178|
30.0|198|178|
29.3|199|178|
28.7|200|178|
28.2|201|178|
28.0|202|178|
27.9|203|178|
27.7|204|178|
27.7|205|178|
27.5|206|178|
27.3|207|178|
27.0|208|178|
26.8|209|178|
26.9|210|178|
26.9|211|178|
27.0|212|178|
27.2|213|178|
27.5|214|178|
28.1|215|178|
28.8|216|178|
47.5|190|179|
46.2|191|179|
45.0|192|179|
43.8|193|179|
42.6|194|179|
41.5|195|179|
40.4|196|179|
39.2|197|179|
38.2|198|179|
37.2|199|179|
36.2|200|179|
35.4|201|179|
34.7|202|179|
34.0|203|179|
33.4|204|179|
32.8|205|179|
32.0|206|179|
31.2|207|179|
30.4|208|179|
29.5|209|179|
29.0|210|179|
28.5|211|179|
28.1|212|179|
27.8|213|179|
27.7|214|179|
27.8|215|179|
28.0|216|179|
44.7|190|180|
43.5|191|180|
42.4|192|180|
41.5|193|180|
40.7|194|180|
39.8|195|180|
39.0|196|180|
38.1|197|180|
37.3|198|180|
36.3|199|180|
35.6|200|180|
34.7|201|180|
34.1|202|180|
33.5|203|180|
32.9|204|180|
32.3|205|180|
31.7|206|180|
31.0|207|180|
30.2|208|180|
29.6|209|180|
29.0|210|180|
28.6|211|180|
28.2|212|180|
27.9|213|180|
27.9|214|180|
27.9|215|180|
28.1|216|180|
78.4|190|182|
77.8|191|182|
77.2|192|182|
76.6|193|182|
76.0|194|182|
75.2|195|182|
74.5|196|182|
73.8|197|182|
73.0|198|182|
72.2|199|182|
71.5|200|182|
70.6|201|182|
70.0|202|182|
69.1|203|182|
68.4|204|182|
67.3|205|182|
66.1|206|182|
64.6|207|182|
63.0|208|182|
61.2|209|182|
59.5|210|182|
57.8|211|182|
56.2|212|182|
54.7|213|182|
53.3|214|182|
52.1|215|182|
51.1|216|182|
34.0|190|183|
32.7|191|183|
31.4|192|183|
30.4|193|183|
29.4|194|183|
28.6|195|183|
28.0|196|183|
27.5|197|183|
27.0|198|183|
26.7|199|183|
26.5|200|183|
26.3|201|183|
26.2|202|183|
26.0|203|183|
25.9|204|183|
25.7|205|183|
25.5|206|183|
25.3|207|183|
25.0|208|183|
24.7|209|183|
24.5|210|183|
24.4|211|183|
24.4|212|183|
24.6|213|183|
24.9|214|183|
25.4|215|183|
26.0|216|183|
40.0|190|184|
38.8|191|184|
37.8|192|184|
36.7|193|184|
35.8|194|184|
35.0|195|184|
34.0|196|184|
33.1|197|184|
32.4|198|184|
31.9|199|184|
31.2|200|184|
30.7|201|184|
30.5|202|184|
30.2|203|184|
29.8|204|184|
29.5|205|184|
29.1|206|184|
28.8|207|184|
28.2|208|184|
27.8|209|184|
27.5|210|184|
27.2|211|184|
27.0|212|184|
26.9|213|184|
26.9|214|184|
27.0|215|184|
27.2|216|184|
13.7|190|185|
12.7|191|185|
11.9|192|185|
11.3|193|185|
10.8|194|185|
10.5|195|185|
10.2|196|185|
10.0|197|185|
9.9|198|185|
9.8|199|185|
9.7|200|185|
9.6|201|185|
9.6|202|185|
9.6|203|185|
9.5|204|185|
9.5|205|185|
9.5|206|185|
9.4|207|185|
9.4|208|185|
9.5|209|185|
9.5|210|185|
9.6|211|185|
9.8|212|185|
10.1|213|185|
10.6|214|185|
11.1|215|185|
11.8|216|185|
14.5|190|186|
12.5|191|186|
10.8|192|186|
9.4|193|186|
8.4|194|186|
7.6|195|186|
7.1|196|186|
6.8|197|186|
6.5|198|186|
6.3|199|186|
6.2|200|186|
6.2|201|186|
6.1|202|186|
6.1|203|186|
6.1|204|186|
6.1|205|186|
6.1|206|186|
6.1|207|186|
6.1|208|186|
6.2|209|186|
6.3|210|186|
6.4|211|186|
6.6|212|186|
6.8|213|186|
7.2|214|186|
7.8|215|186|
8.5|216|186|
32.2|190|187|
30.7|191|187|
29.3|192|187|
28.2|193|187|
27.0|194|187|
26.0|195|187|
25.2|196|187|
24.4|197|187|
23.8|198|187|
23.2|199|187|
22.8|200|187|
22.3|201|187|
22.0|202|187|
21.8|203|187|
21.7|204|187|
21.4|205|187|
21.3|206|187|
21.0|207|187|
20.9|208|187|
20.8|209|187|
20.8|210|187|
20.9|211|187|
21.1|212|187|
21.4|213|187|
21.8|214|187|
22.4|215|187|
23.1|216|187|
64.8|190|188|
64.4|191|188|
63.8|192|188|
63.3|193|188|
62.8|194|188|
61.9|195|188|
61.0|196|188|
59.8|197|188|
58.4|198|188|
57.0|199|188|
55.7|200|188|
54.2|201|188|
52.7|202|188|
51.5|203|188|
50.1|204|188|
48.6|205|188|
47.1|206|188|
45.6|207|188|
44.2|208|188|
42.7|209|188|
41.4|210|188|
40.2|211|188|
39.1|212|188|
38.2|213|188|
37.5|214|188|
36.9|215|188|
36.6|216|188|
44.0|190|189|
43.0|191|189|
42.1|192|189|
41.4|193|189|
40.8|194|189|
40.4|195|189|
40.0|196|189|
39.7|197|189|
39.3|198|189|
39.1|199|189|
38.9|200|189|
38.8|201|189|
38.6|202|189|
38.5|203|189|
38.2|204|189|
37.9|205|189|
37.4|206|189|
36.8|207|189|
36.1|208|189|
35.2|209|189|
34.1|210|189|
33.0|211|189|
31.9|212|189|
30.8|213|189|
29.8|214|189|
29.0|215|189|
28.3|216|189|
34.3|190|190|
33.5|191|190|
32.6|192|190|
32.0|193|190|
31.5|194|190|
31.0|195|190|
30.7|196|190|
30.4|197|190|
30.3|198|190|
30.2|199|190|
30.2|200|190|
30.2|201|190|
30.2|202|190|
30.4|203|190|
30.4|204|190|
30.5|205|190|
30.4|206|190|
30.4|207|190|
30.2|208|190|
30.0|209|190|
29.8|210|190|
29.7|211|190|
29.6|212|190|
29.6|213|190|
29.6|214|190|
29.8|215|190|
30.0|216|190|
53.9|190|191|
52.3|191|191|
50.4|192|191|
48.5|193|191|
46.7|194|191|
44.8|195|191|
43.0|196|191|
41.2|197|191|
39.6|198|191|
38.0|199|191|
36.6|200|191|
35.4|201|191|
34.4|202|191|
33.5|203|191|
32.9|204|191|
32.4|205|191|
32.0|206|191|
31.6|207|191|
31.4|208|191|
31.2|209|191|
31.2|210|191|
31.4|211|191|
31.6|212|191|
32.0|213|191|
32.5|214|191|
33.1|215|191|
33.9|216|191|
85.5|190|192|
85.5|191|192|
85.4|192|192|
85.4|193|192|
85.3|194|192|
85.2|195|192|
85.1|196|192|
85.0|197|192|
84.8|198|192|
84.5|199|192|
84.3|200|192|
84.1|201|192|
83.9|202|192|
83.8|203|192|
83.7|204|192|
83.5|205|192|
83.5|206|192|
83.4|207|192|
83.4|208|192|
83.4|209|192|
83.5|210|192|
83.6|211|192|
83.7|212|192|
83.7|213|192|
83.7|214|192|
83.6|215|192|
83.5|216|192|
75.8|190|193|
74.6|191|193|
73.3|192|193|
72.0|193|193|
70.6|194|193|
69.2|195|193|
67.6|196|193|
66.1|197|193|
64.8|198|193|
63.3|199|193|
62.2|200|193|
61.2|201|193|
60.2|202|193|
59.7|203|193|
59.2|204|193|
58.8|205|193|
58.5|206|193|
58.0|207|193|
57.4|208|193|
57.0|209|193|
56.5|210|193|
56.0|211|193|
55.6|212|193|
55.1|213|193|
54.7|214|193|
54.4|215|193|
54.2|216|193|
40.8|190|194|
40.5|191|194|
40.5|192|194|
41.0|193|194|
41.2|194|194|
41.8|195|194|
42.6|196|194|
43.6|197|194|
44.6|198|194|
45.9|199|194|
47.2|200|194|
48.6|201|194|
50.1|202|194|
51.4|203|194|
52.4|204|194|
53.2|205|194|
53.4|206|194|
53.5|207|194|
53.2|208|194|
52.4|209|194|
51.5|210|194|
50.2|211|194|
48.6|212|194|
46.9|213|194|
45.1|214|194|
43.3|215|194|
41.7|216|194|
