26.7|205|1|
24.0|206|1|
21.5|207|1|
19.3|208|1|
18.2|209|1|
17.1|210|1|
16.2|211|1|
15.2|212|1|
14.4|213|1|
13.5|214|1|
12.8|215|1|
12.0|216|1|
11.3|217|1|
16.7|200|7|
17.0|201|7|
17.2|202|7|
17.4|203|7|
17.7|204|7|
17.9|205|7|
18.5|206|7|
19.0|207|7|
19.6|208|7|
20.2|209|7|
20.9|210|7|
17.8|211|7|
15.2|212|7|
12.9|213|7|
11.0|214|7|
9.4|215|7|
60.0|196|13|
56.9|197|13|
54.0|198|13|
51.2|199|13|
51.1|200|13|
50.9|201|13|
50.8|202|13|
50.7|203|13|
50.6|204|13|
48.0|205|13|
45.5|206|13|
43.1|207|13|
42.7|208|13|
42.2|209|13|
41.8|210|13|
41.3|211|13|
42.1|212|13|
39.1|213|13|
36.2|214|13|
35.8|201|18|
37.1|202|18|
38.5|203|18|
40.0|204|18|
41.5|205|18|
43.1|206|18|
41.8|207|18|
40.6|208|18|
39.4|209|18|
38.3|210|18|
37.2|211|18|
36.1|212|18|
35.1|213|18|
34.0|214|18|
33.8|215|18|
33.6|216|18|
33.4|217|18|
41.5|198|26|
41.9|199|26|
42.2|200|26|
42.6|201|26|
43.0|202|26|
43.4|203|26|
42.9|204|26|
42.4|205|26|
41.9|206|26|
40.0|207|26|
38.2|208|26|
36.5|209|26|
34.9|210|26|
49.7|200|28|
48.2|201|28|
46.8|202|28|
45.4|203|28|
44.0|204|28|
42.7|205|28|
42.1|206|28|
41.6|207|28|
41.0|208|28|
40.5|209|28|
40.0|210|28|
38.0|211|28|
36.1|212|28|
34.3|213|28|
32.6|214|28|
35.6|204|29|
35.9|205|29|
36.3|206|29|
35.6|207|29|
34.8|208|29|
34.1|209|29|
33.4|210|29|
32.7|211|29|
32.4|212|29|
32.1|213|29|
31.8|214|29|
44.6|196|33|
44.6|197|33|
44.6|198|33|
44.6|199|33|
44.7|200|33|
44.7|201|33|
44.7|202|33|
44.7|203|33|
44.7|204|33|
43.8|205|33|
42.8|206|33|
41.9|207|33|
41.0|208|33|
40.1|209|33|
39.3|210|33|
39.5|211|33|
39.7|212|33|
39.9|213|33|
40.1|214|33|
19.5|195|36|
19.3|196|36|
19.0|197|36|
18.7|198|36|
18.4|199|36|
18.2|200|36|
17.6|201|36|
17.1|202|36|
16.6|203|36|
16.2|204|36|
15.7|205|36|
15.0|206|36|
14.4|207|36|
13.8|208|36|
13.2|209|36|
12.6|210|36|
30.8|205|39|
29.6|206|39|
28.5|207|39|
27.4|208|39|
26.4|209|39|
25.4|210|39|
24.5|211|39|
23.4|212|39|
22.3|213|39|
21.3|214|39|
31.0|198|41|
32.0|199|41|
33.1|200|41|
34.1|201|41|
35.2|202|41|
36.4|203|41|
37.6|204|41|
38.8|205|41|
40.1|206|41|
37.8|207|41|
35.8|208|41|
33.8|209|41|
31.9|210|41|
30.1|211|41|
28.2|212|41|
26.5|213|41|
24.8|214|41|
23.2|215|41|
21.8|216|41|
13.5|196|49|
13.1|197|49|
12.8|198|49|
12.4|199|49|
12.1|200|49|
11.7|201|49|
11.4|202|49|
11.1|203|49|
10.7|204|49|
10.4|205|49|
10.1|206|49|
9.8|207|49|
9.3|208|49|
8.8|209|49|
8.3|210|49|
7.9|211|49|
7.5|212|49|
7.1|213|49|
32.6|204|50|
31.5|205|50|
30.4|206|50|
29.4|207|50|
28.3|208|50|
27.4|209|50|
26.4|210|50|
25.5|211|50|
24.6|212|50|
33.7|195|51|
32.4|196|51|
31.2|197|51|
30.0|198|51|
28.8|199|51|
27.8|200|51|
26.7|201|51|
25.7|202|51|
24.7|203|51|
23.8|204|51|
22.9|205|51|
24.7|206|51|
26.7|207|51|
28.9|208|51|
27.7|209|51|
26.5|210|51|
25.4|211|51|
24.3|212|51|
23.3|213|51|
22.3|214|51|
29.2|193|52|
29.8|194|52|
30.4|195|52|
31.0|196|52|
31.6|197|52|
32.3|198|52|
30.1|199|52|
28.2|200|52|
26.3|201|52|
24.6|202|52|
23.5|203|52|
22.4|204|52|
21.4|205|52|
20.4|206|52|
19.5|207|52|
18.6|208|52|
17.7|209|52|
16.8|210|52|
15.9|211|52|
15.1|212|52|
14.4|213|52|
13.6|214|52|
57.7|200|57|
56.3|201|57|
54.9|202|57|
53.5|203|57|
52.2|204|57|
50.9|205|57|
49.7|206|57|
48.6|207|57|
47.5|208|57|
46.5|209|57|
45.4|210|57|
44.4|211|57|
43.2|212|57|
41.9|213|57|
40.8|214|57|
39.6|215|57|
38.5|216|57|
25.5|200|61|
24.6|201|61|
23.8|202|61|
23.0|203|61|
22.3|204|61|
21.5|205|61|
20.8|206|61|
20.1|207|61|
19.5|208|61|
18.8|209|61|
18.2|210|61|
17.6|211|61|
17.0|212|61|
27.7|205|62|
26.8|206|62|
25.9|207|62|
25.0|208|62|
24.2|209|62|
23.4|210|62|
23.8|211|62|
24.3|212|62|
24.7|213|62|
30.6|198|65|
31.5|199|65|
32.4|200|65|
33.3|201|65|
34.3|202|65|
35.3|203|65|
32.8|204|65|
30.5|205|65|
28.4|206|65|
28.2|207|65|
28.0|208|65|
26.2|209|65|
24.5|210|65|
22.9|211|65|
21.5|212|65|
20.1|213|65|
18.8|214|65|
55.6|195|68|
55.0|196|68|
54.5|197|68|
54.0|198|68|
54.2|199|68|
54.4|200|68|
54.6|201|68|
54.7|202|68|
53.6|203|68|
52.4|204|68|
51.3|205|68|
50.2|206|68|
49.1|207|68|
48.0|208|68|
47.8|209|68|
47.6|210|68|
47.4|211|68|
47.2|212|68|
47.0|213|68|
46.7|214|68|
30.6|199|69|
31.9|200|69|
33.2|201|69|
34.6|202|69|
36.1|203|69|
37.6|204|69|
39.2|205|69|
37.9|206|69|
36.7|207|69|
35.5|208|69|
34.4|209|69|
33.2|210|69|
32.2|211|69|
31.1|212|69|
31.4|213|69|
31.8|214|69|
32.1|215|69|
32.4|216|69|
36.8|194|72|
35.3|195|72|
33.9|196|72|
32.5|197|72|
31.2|198|72|
29.9|199|72|
28.7|200|72|
28.8|201|72|
29.0|202|72|
29.1|203|72|
29.3|204|72|
29.4|205|72|
28.2|206|72|
27.1|207|72|
26.0|208|72|
24.9|209|72|
23.9|210|72|
23.0|211|72|
22.0|212|72|
22.0|213|72|
22.0|214|72|
22.0|215|72|
21.9|216|72|
19.5|191|74|
20.5|192|74|
21.6|193|74|
22.7|194|74|
23.8|195|74|
25.1|196|74|
26.3|197|74|
27.7|198|74|
29.1|199|74|
30.6|200|74|
32.1|201|74|
31.6|202|74|
31.0|203|74|
30.5|204|74|
30.0|205|74|
28.6|206|74|
27.3|207|74|
26.1|208|74|
24.9|209|74|
23.7|210|74|
22.7|211|74|
48.0|205|77|
46.9|206|77|
45.8|207|77|
44.8|208|77|
43.7|209|77|
42.7|210|77|
41.7|211|77|
40.7|212|77|
39.8|213|77|
38.9|214|77|
38.0|215|77|
11.0|197|86|
11.1|198|86|
11.2|199|86|
11.3|200|86|
11.4|201|86|
11.5|202|86|
11.0|203|86|
10.6|204|86|
10.2|205|86|
9.8|206|86|
9.4|207|86|
9.1|208|86|
8.7|209|86|
8.4|210|86|
8.1|211|86|
7.8|212|86|
13.2|199|87|
13.8|200|87|
14.3|201|87|
14.9|202|87|
15.5|203|87|
16.1|204|87|
16.8|205|87|
17.5|206|87|
16.2|207|87|
15.1|208|87|
14.1|209|87|
13.1|210|87|
11.9|211|87|
10.8|212|87|
9.8|213|87|
8.9|214|87|
8.0|215|87|
39.9|193|88|
39.5|194|88|
39.0|195|88|
38.6|196|88|
38.2|197|88|
37.7|198|88|
37.3|199|88|
36.9|200|88|
36.5|201|88|
36.1|202|88|
35.7|203|88|
35.6|204|88|
35.5|205|88|
35.4|206|88|
35.4|207|88|
35.3|208|88|
33.6|209|88|
32.0|210|88|
30.4|211|88|
28.9|212|88|
27.5|213|88|
26.2|214|88|
18.1|205|91|
18.1|206|91|
18.0|207|91|
18.0|208|91|
18.0|209|91|
17.9|210|91|
17.9|211|91|
17.9|212|91|
15.2|213|91|
12.9|214|91|
12.6|215|91|
12.3|216|91|
12.0|217|91|
11.8|218|91|
44.1|204|95|
43.1|205|95|
42.1|206|95|
41.1|207|95|
40.1|208|95|
39.2|209|95|
37.9|210|95|
36.7|211|95|
35.6|212|95|
34.5|213|95|
33.4|214|95|
54.4|200|102|
53.8|201|102|
53.3|202|102|
52.7|203|102|
52.2|204|102|
52.6|205|102|
53.1|206|102|
51.6|207|102|
50.1|208|102|
48.7|209|102|
47.4|210|102|
45.7|211|102|
44.0|212|102|
42.4|213|102|
39.9|214|102|
37.5|215|102|
41.9|201|105|
41.0|202|105|
40.1|203|105|
39.3|204|105|
38.5|205|105|
37.7|206|105|
34.1|207|105|
30.8|208|105|
27.8|209|105|
30.9|210|105|
34.3|211|105|
38.1|212|105|
35.6|213|105|
33.2|214|105|
31.0|215|105|
10.4|205|112|
9.7|206|112|
9.0|207|112|
8.4|208|112|
7.9|209|112|
7.4|210|112|
6.9|211|112|
6.4|212|112|
27.5|205|114|
24.4|206|114|
21.7|207|114|
19.3|208|114|
17.2|209|114|
15.3|210|114|
13.6|211|114|
12.1|212|114|
10.8|213|114|
8.0|205|115|
8.2|206|115|
8.3|207|115|
8.5|208|115|
8.7|209|115|
8.8|210|115|
9.0|211|115|
9.2|212|115|
9.4|213|115|
47.0|203|117|
46.4|204|117|
45.7|205|117|
45.0|206|117|
44.3|207|117|
43.7|208|117|
43.5|209|117|
43.2|210|117|
43.0|211|117|
29.0|200|119|
29.0|201|119|
29.0|202|119|
29.0|203|119|
29.0|204|119|
29.0|205|119|
29.0|206|119|
28.0|207|119|
27.0|208|119|
26.1|209|119|
25.2|210|119|
24.4|211|119|
23.5|212|119|
22.7|213|119|
57.2|201|121|
55.6|202|121|
53.9|203|121|
52.3|204|121|
50.8|205|121|
49.3|206|121|
47.4|207|121|
45.6|208|121|
43.8|209|121|
42.1|210|121|
40.5|211|121|
39.5|212|121|
38.5|213|121|
37.5|214|121|
36.6|215|121|
35.7|216|121|
42.4|203|126|
42.5|204|126|
42.6|205|126|
42.7|206|126|
42.8|207|126|
40.6|208|126|
39.0|209|126|
37.5|210|126|
36.0|211|126|
36.3|212|126|
36.5|213|126|
38.8|214|126|
41.2|215|126|
43.8|216|126|
11.5|205|128|
10.0|206|128|
8.7|207|128|
7.5|208|128|
6.6|209|128|
5.7|210|128|
5.0|211|128|
31.6|196|137|
31.5|197|137|
31.4|198|137|
31.2|199|137|
31.1|200|137|
30.8|201|137|
30.4|202|137|
30.0|203|137|
29.6|204|137|
29.3|205|137|
28.9|206|137|
28.5|207|137|
27.5|208|137|
23.8|209|137|
23.3|210|137|
19.5|211|137|
18.4|212|137|
17.7|213|137|
14.8|214|137|
14.7|215|137|
13.1|216|137|
12.8|217|137|
12.2|218|137|
48.3|200|144|
48.8|201|144|
49.3|202|144|
49.8|203|144|
50.3|204|144|
50.8|205|144|
49.4|206|144|
48.1|207|144|
46.8|208|144|
45.5|209|144|
44.3|210|144|
42.7|211|144|
41.2|212|144|
39.7|213|144|
38.3|214|144|
19.3|205|149|
20.9|206|149|
22.6|207|149|
24.4|208|149|
26.4|209|149|
28.6|210|149|
23.3|211|149|
19.0|212|149|
19.0|213|149|
19.0|214|149|
20.7|215|149|
17.3|216|149|
16.7|217|149|
8.2|205|150|
7.8|206|150|
7.5|207|150|
7.2|208|150|
6.9|209|150|
6.6|210|150|
6.4|211|150|
6.3|212|150|
6.1|213|150|
6.0|214|150|
47.0|205|152|
43.1|206|152|
39.6|207|152|
36.4|208|152|
40.4|209|152|
44.9|210|152|
42.5|211|152|
40.2|212|152|
38.0|213|152|
36.1|214|152|
34.3|215|152|
32.6|216|152|
31.0|217|152|
33.1|205|171|
32.1|206|171|
31.2|207|171|
30.3|208|171|
29.4|209|171|
28.5|210|171|
27.7|211|171|
26.9|212|171|
24.7|213|171|
22.7|214|171|
20.8|215|171|
19.1|216|171|
17.5|217|171|
49.5|196|172|
49.1|197|172|
48.6|198|172|
48.2|199|172|
47.4|200|172|
46.6|201|172|
45.8|202|172|
45.1|203|172|
44.3|204|172|
43.9|205|172|
43.6|206|172|
43.2|207|172|
42.9|208|172|
42.5|209|172|
42.2|210|172|
40.5|211|172|
38.9|212|172|
37.4|213|172|
35.9|214|172|
34.5|215|172|
15.7|205|173|
15.8|206|173|
15.9|207|173|
16.0|208|173|
16.1|209|173|
16.1|210|173|
16.2|211|173|
16.3|212|173|
14.1|213|173|
12.2|214|173|
10.6|215|173|
45.0|195|182|
44.9|196|182|
44.8|197|182|
44.6|198|182|
44.5|199|182|
44.4|200|182|
43.3|201|182|
42.2|202|182|
41.1|203|182|
40.1|204|182|
39.0|205|182|
38.1|206|182|
37.1|207|182|
36.2|208|182|
35.3|209|182|
34.4|210|182|
33.6|211|182|
32.6|212|182|
31.6|213|182|
30.7|214|182|
29.8|215|182|
28.9|216|182|
48.6|196|193|
49.3|197|193|
50.1|198|193|
50.9|199|193|
51.7|200|193|
52.6|201|193|
51.3|202|193|
50.1|203|193|
48.8|204|193|
47.7|205|193|
46.5|206|193|
45.4|207|193|
44.5|208|193|
43.5|209|193|
42.6|210|193|
41.8|211|193|
40.9|212|193|
40.1|213|193|
32.4|199|194|
32.8|200|194|
33.1|201|194|
33.5|202|194|
33.8|203|194|
34.2|204|194|
34.6|205|194|
34.7|206|194|
34.8|207|194|
35.0|208|194|
35.1|209|194|
32.2|210|194|
31.0|211|194|
29.8|212|194|
28.7|213|194|
27.6|214|194|
27.1|215|194|
