0|1800|1800|
1|1801|1800|
2|1802|1800|
3|1803|1800|
4|1804|1800|
5|1805|1800|
6|1806|1800|
7|1807|1800|
8|1808|1800|
9|1809|1800|
10|1810|1810|
11|1811|1810|
12|1812|1810|
13|1813|1810|
14|1814|1810|
15|1815|1810|
16|1816|1810|
17|1817|1810|
18|1818|1810|
19|1819|1810|
20|1820|1820|
21|1821|1820|
22|1822|1820|
23|1823|1820|
24|1824|1820|
25|1825|1820|
26|1826|1820|
27|1827|1820|
28|1828|1820|
29|1829|1820|
30|1830|1830|
31|1831|1830|
32|1832|1830|
33|1833|1830|
34|1834|1830|
35|1835|1830|
36|1836|1830|
37|1837|1830|
38|1838|1830|
39|1839|1830|
40|1840|1840|
41|1841|1840|
42|1842|1840|
43|1843|1840|
44|1844|1840|
45|1845|1840|
46|1846|1840|
47|1847|1840|
48|1848|1840|
49|1849|1840|
50|1850|1850|
51|1851|1850|
52|1852|1850|
53|1853|1850|
54|1854|1850|
55|1855|1850|
56|1856|1850|
57|1857|1850|
58|1858|1850|
59|1859|1850|
60|1860|1860|
61|1861|1860|
62|1862|1860|
63|1863|1860|
64|1864|1860|
65|1865|1860|
66|1866|1860|
67|1867|1860|
68|1868|1860|
69|1869|1860|
70|1870|1870|
71|1871|1870|
72|1872|1870|
73|1873|1870|
74|1874|1870|
75|1875|1870|
76|1876|1870|
77|1877|1870|
78|1878|1870|
79|1879|1870|
80|1880|1880|
81|1881|1880|
82|1882|1880|
83|1883|1880|
84|1884|1880|
85|1885|1880|
86|1886|1880|
87|1887|1880|
88|1888|1880|
89|1889|1880|
90|1890|1890|
91|1891|1890|
92|1892|1890|
93|1893|1890|
94|1894|1890|
95|1895|1890|
96|1896|1890|
97|1897|1890|
98|1898|1890|
99|1899|1890|
100|1900|1900|
101|1901|1900|
102|1902|1900|
103|1903|1900|
104|1904|1900|
105|1905|1900|
106|1906|1900|
107|1907|1900|
108|1908|1900|
109|1909|1900|
110|1910|1910|
111|1911|1910|
112|1912|1910|
113|1913|1910|
114|1914|1910|
115|1915|1910|
116|1916|1910|
117|1917|1910|
118|1918|1910|
119|1919|1910|
120|1920|1920|
121|1921|1920|
122|1922|1920|
123|1923|1920|
124|1924|1920|
125|1925|1920|
126|1926|1920|
127|1927|1920|
128|1928|1920|
129|1929|1920|
130|1930|1930|
131|1931|1930|
132|1932|1930|
133|1933|1930|
134|1934|1930|
135|1935|1930|
136|1936|1930|
137|1937|1930|
138|1938|1930|
139|1939|1930|
140|1940|1940|
141|1941|1940|
142|1942|1940|
143|1943|1940|
144|1944|1940|
145|1945|1940|
146|1946|1940|
147|1947|1940|
148|1948|1940|
149|1949|1940|
150|1950|1950|
151|1951|1950|
152|1952|1950|
153|1953|1950|
154|1954|1950|
155|1955|1950|
156|1956|1950|
157|1957|1950|
158|1958|1950|
159|1959|1950|
160|1960|1960|
161|1961|1960|
162|1962|1960|
163|1963|1960|
164|1964|1960|
165|1965|1960|
166|1966|1960|
167|1967|1960|
168|1968|1960|
169|1969|1960|
170|1970|1970|
171|1971|1970|
172|1972|1970|
173|1973|1970|
174|1974|1970|
175|1975|1970|
176|1976|1970|
177|1977|1970|
178|1978|1970|
179|1979|1970|
180|1980|1980|
181|1981|1980|
182|1982|1980|
183|1983|1980|
184|1984|1980|
185|1985|1980|
186|1986|1980|
187|1987|1980|
188|1988|1980|
189|1989|1980|
190|1990|1990|
191|1991|1990|
192|1992|1990|
193|1993|1990|
194|1994|1990|
195|1995|1990|
196|1996|1990|
197|1997|1990|
198|1998|1990|
199|1999|1990|
200|2000|2000|
201|2001|2000|
202|2002|2000|
203|2003|2000|
204|2004|2000|
205|2005|2000|
206|2006|2000|
207|2007|2000|
208|2008|2000|
209|2009|2000|
210|2010|2010|
211|2011|2010|
212|2012|2010|
213|2013|2010|
214|2014|2010|
215|2015|2010|
216|2016|2010|
217|2017|2010|
218|2018|2010|
219|2019|2010|
220|2020|2020|
221|2021|2020|
222|2022|2020|
223|2023|2020|
224|2024|2020|
225|2025|2020|
226|2026|2020|
227|2027|2020|
228|2028|2020|
229|2029|2020|
230|2030|2030|
231|2031|2030|
232|2032|2030|
233|2033|2030|
234|2034|2030|
235|2035|2030|
236|2036|2030|
237|2037|2030|
238|2038|2030|
239|2039|2030|
240|2040|2040|
241|2041|2040|
242|2042|2040|
243|2043|2040|
244|2044|2040|
245|2045|2040|
246|2046|2040|
247|2047|2040|
248|2048|2040|
249|2049|2040|
250|2050|2050|
251|2051|2050|
252|2052|2050|
253|2053|2050|
254|2054|2050|
255|2055|2050|
256|2056|2050|
257|2057|2050|
258|2058|2050|
259|2059|2050|
260|2060|2060|
261|2061|2060|
262|2062|2060|
263|2063|2060|
264|2064|2060|
265|2065|2060|
266|2066|2060|
267|2067|2060|
268|2068|2060|
269|2069|2060|
270|2070|2070|
271|2071|2070|
272|2072|2070|
273|2073|2070|
274|2074|2070|
275|2075|2070|
276|2076|2070|
277|2077|2070|
278|2078|2070|
279|2079|2070|
280|2080|2080|
281|2081|2080|
282|2082|2080|
283|2083|2080|
284|2084|2080|
285|2085|2080|
286|2086|2080|
287|2087|2080|
288|2088|2080|
289|2089|2080|
290|2090|2090|
291|2091|2090|
292|2092|2090|
293|2093|2090|
294|2094|2090|
295|2095|2090|
296|2096|2090|
297|2097|2090|
298|2098|2090|
299|2099|2090|
300|2100|2100|
