135|161|0|
100|161|1|
73|161|2|
81|161|4|
90|161|5|
139|161|6|
139|161|8|
143|161|9|
110|161|11|
97|161|13|
113|161|14|
95|161|17|
78|161|18|
78|161|20|
89|161|22|
99|161|23|
87|161|24|
143|161|25|
60|161|26|
86|161|28|
90|161|29|
126|161|30|
74|161|31|
102|161|32|
102|161|33|
112|161|34|
64|161|35|
98|161|36|
94|161|39|
89|161|40|
105|161|41|
95|161|43|
112|161|44|
143|161|46|
72|161|47|
78|161|48|
77|161|49|
90|161|50|
94|161|51|
71|161|52|
100|161|56|
116|161|58|
147|161|59|
143|161|60|
86|161|61|
93|161|62|
129|161|64|
91|161|65|
127|161|66|
78|161|67|
82|161|68|
88|161|69|
73|161|70|
104|161|71|
86|161|72|
85|161|74|
129|161|75|
147|161|76|
90|161|77|
82|161|78|
79|161|79|
78|161|80|
151|161|81|
126|161|82|
133|161|83|
86|161|84|
113|161|85|
95|161|86|
101|161|88|
109|161|89|
113|161|90|
88|161|92|
109|161|94|
90|161|95|
91|161|96|
109|161|101|
90|161|102|
109|161|103|
70|161|104|
74|161|105|
128|161|106|
101|161|108|
107|161|109|
103|161|110|
91|161|114|
92|161|116|
82|161|117|
65|161|118|
99|161|119|
79|161|121|
137|161|122|
132|161|123|
86|161|124|
72|161|125|
88|161|126|
85|161|127|
125|161|129|
85|161|131|
94|161|134|
96|161|136|
95|161|137|
80|161|138|
147|161|139|
112|161|140|
127|161|142|
80|161|144|
89|161|145|
102|161|147|
77|161|148|
103|161|149|
82|161|152|
99|161|156|
120|161|158|
96|161|159|
120|161|161|
93|161|162|
77|161|163|
76|161|164|
81|161|165|
72|161|166|
86|161|167|
128|161|168|
161|161|169|
79|161|172|
87|161|173|
78|161|174|
92|161|175|
103|161|177|
101|161|178|
133|161|179|
104|161|182|
130|161|184|
145|161|185|
129|161|186|
125|161|187|
110|161|189|
97|161|190|
86|161|191|
80|161|192|
97|161|193|
95|161|194|
131|162|0|
101|162|1|
71|162|2|
82|162|4|
98|162|5|
138|162|6|
140|162|8|
143|162|9|
107|162|11|
96|162|13|
116|162|14|
100|162|17|
79|162|18|
79|162|20|
86|162|22|
102|162|23|
89|162|24|
145|162|25|
59|162|26|
85|162|28|
91|162|29|
128|162|30|
69|162|31|
100|162|32|
107|162|33|
114|162|34|
69|162|35|
99|162|36|
94|162|39|
91|162|40|
109|162|41|
98|162|43|
109|162|44|
139|162|46|
74|162|47|
81|162|48|
83|162|49|
91|162|50|
97|162|51|
72|162|52|
98|162|56|
119|162|58|
142|162|59|
147|162|60|
87|162|61|
94|162|62|
131|162|64|
87|162|65|
125|162|66|
81|162|67|
83|162|68|
87|162|69|
71|162|70|
104|162|71|
87|162|72|
83|162|74|
137|162|75|
149|162|76|
92|162|77|
82|162|78|
79|162|79|
84|162|80|
152|162|81|
127|162|82|
136|162|83|
91|162|84|
116|162|85|
96|162|86|
101|162|88|
113|162|89|
115|162|90|
86|162|92|
111|162|94|
90|162|95|
93|162|96|
108|162|101|
90|162|102|
110|162|103|
71|162|104|
76|162|105|
128|162|106|
99|162|108|
108|162|109|
103|162|110|
88|162|114|
93|162|116|
84|162|117|
68|162|118|
101|162|119|
79|162|121|
137|162|122|
133|162|123|
87|162|124|
73|162|125|
91|162|126|
86|162|127|
132|162|129|
88|162|131|
91|162|134|
97|162|136|
96|162|137|
78|162|138|
147|162|139|
116|162|140|
129|162|142|
88|162|144|
89|162|145|
100|162|147|
79|162|148|
104|162|149|
83|162|152|
99|162|156|
118|162|158|
98|162|159|
125|162|161|
94|162|162|
80|162|163|
79|162|164|
89|162|165|
81|162|166|
87|162|167|
127|162|168|
156|162|169|
79|162|172|
93|162|173|
79|162|174|
99|162|175|
106|162|177|
103|162|178|
131|162|179|
102|162|182|
125|162|184|
144|162|185|
129|162|186|
122|162|187|
113|162|189|
95|162|190|
88|162|191|
81|162|192|
97|162|193|
97|162|194|
121|163|0|
97|163|1|
69|163|2|
83|163|4|
92|163|5|
136|163|6|
143|163|8|
146|163|9|
107|163|11|
98|163|13|
119|163|14|
102|163|17|
76|163|18|
81|163|20|
89|163|22|
101|163|23|
89|163|24|
147|163|25|
65|163|26|
87|163|28|
93|163|29|
130|163|30|
66|163|31|
97|163|32|
106|163|33|
118|163|34|
72|163|35|
94|163|36|
94|163|39|
91|163|40|
112|163|41|
107|163|43|
107|163|44|
139|163|46|
72|163|47|
83|163|48|
83|163|49|
93|163|50|
98|163|51|
74|163|52|
96|163|56|
122|163|58|
138|163|59|
145|163|60|
85|163|61|
95|163|62|
130|163|64|
83|163|65|
125|163|66|
84|163|67|
85|163|68|
87|163|69|
72|163|70|
102|163|71|
87|163|72|
84|163|74|
138|163|75|
139|163|76|
89|163|77|
82|163|78|
80|163|79|
89|163|80|
152|163|81|
124|163|82|
139|163|83|
91|163|84|
117|163|85|
98|163|86|
96|163|88|
113|163|89|
110|163|90|
88|163|92|
109|163|94|
94|163|95|
97|163|96|
111|163|101|
95|163|102|
110|163|103|
71|163|104|
80|163|105|
132|163|106|
98|163|108|
106|163|109|
103|163|110|
92|163|114|
93|163|116|
81|163|117|
69|163|118|
101|163|119|
79|163|121|
137|163|122|
133|163|123|
88|163|124|
74|163|125|
89|163|126|
91|163|127|
126|163|129|
88|163|131|
97|163|134|
97|163|136|
89|163|137|
81|163|138|
148|163|139|
120|163|140|
131|163|142|
85|163|144|
89|163|145|
100|163|147|
80|163|148|
118|163|149|
89|163|152|
99|163|156|
122|163|158|
99|163|159|
121|163|161|
96|163|162|
82|163|163|
76|163|164|
84|163|165|
78|163|166|
89|163|167|
126|163|168|
153|163|169|
80|163|172|
98|163|173|
76|163|174|
96|163|175|
107|163|177|
105|163|178|
135|163|179|
103|163|182|
123|163|184|
145|163|185|
129|163|186|
125|163|187|
114|163|189|
94|163|190|
88|163|191|
82|163|192|
94|163|193|
97|163|194|
133|164|0|
102|164|1|
69|164|2|
84|164|4|
96|164|5|
138|164|6|
142|164|8|
147|164|9|
109|164|11|
97|164|13|
117|164|14|
102|164|17|
75|164|18|
78|164|20|
90|164|22|
104|164|23|
90|164|24|
150|164|25|
70|164|26|
86|164|28|
93|164|29|
126|164|30|
72|164|31|
95|164|32|
105|164|33|
116|164|34|
75|164|35|
96|164|36|
96|164|39|
95|164|40|
115|164|41|
105|164|43|
117|164|44|
140|164|46|
70|164|47|
83|164|48|
84|164|49|
93|164|50|
99|164|51|
73|164|52|
95|164|56|
120|164|58|
139|164|59|
145|164|60|
84|164|61|
96|164|62|
134|164|64|
84|164|65|
129|164|66|
87|164|67|
88|164|68|
93|164|69|
73|164|70|
104|164|71|
85|164|72|
84|164|74|
137|164|75|
141|164|76|
90|164|77|
84|164|78|
84|164|79|
91|164|80|
152|164|81|
128|164|82|
139|164|83|
98|164|84|
118|164|85|
94|164|86|
98|164|88|
115|164|89|
115|164|90|
89|164|92|
111|164|94|
91|164|95|
98|164|96|
113|164|101|
100|164|102|
109|164|103|
70|164|104|
77|164|105|
134|164|106|
98|164|108|
107|164|109|
106|164|110|
98|164|114|
96|164|116|
83|164|117|
71|164|118|
101|164|119|
80|164|121|
135|164|122|
133|164|123|
90|164|124|
76|164|125|
88|164|126|
94|164|127|
129|164|129|
95|164|131|
96|164|134|
101|164|136|
98|164|137|
81|164|138|
148|164|139|
115|164|140|
131|164|142|
85|164|144|
90|164|145|
103|164|147|
82|164|148|
114|164|149|
89|164|152|
103|164|156|
124|164|158|
101|164|159|
116|164|161|
101|164|162|
85|164|163|
80|164|164|
89|164|165|
80|164|166|
100|164|167|
130|164|168|
155|164|169|
76|164|172|
97|164|173|
75|164|174|
100|164|175|
107|164|177|
104|164|178|
135|164|179|
102|164|182|
118|164|184|
144|164|185|
132|164|186|
128|164|187|
112|164|189|
103|164|190|
87|164|191|
82|164|192|
93|164|193|
96|164|194|
133|165|0|
101|165|1|
72|165|2|
85|165|4|
100|165|5|
143|165|6|
139|165|8|
145|165|9|
110|165|11|
95|165|13|
116|165|14|
102|165|17|
81|165|18|
82|165|20|
90|165|22|
105|165|23|
91|165|24|
153|165|25|
71|165|26|
87|165|28|
88|165|29|
131|165|30|
74|165|31|
103|165|32|
103|165|33|
115|165|34|
81|165|35|
94|165|36|
94|165|39|
98|165|40|
117|165|41|
105|165|43|
121|165|44|
140|165|46|
72|165|47|
85|165|48|
80|165|49|
99|165|50|
100|165|51|
76|165|52|
97|165|56|
126|165|58|
140|165|59|
145|165|60|
85|165|61|
103|165|62|
135|165|64|
84|165|65|
131|165|66|
89|165|67|
88|165|68|
91|165|69|
75|165|70|
101|165|71|
88|165|72|
86|165|74|
139|165|75|
142|165|76|
87|165|77|
83|165|78|
85|165|79|
92|165|80|
153|165|81|
126|165|82|
141|165|83|
98|165|84|
118|165|85|
97|165|86|
104|165|88|
114|165|89|
115|165|90|
91|165|92|
111|165|94|
93|165|95|
97|165|96|
112|165|101|
101|165|102|
109|165|103|
74|165|104|
76|165|105|
138|165|106|
97|165|108|
103|165|109|
107|165|110|
102|165|114|
98|165|116|
84|165|117|
70|165|118|
101|165|119|
79|165|121|
134|165|122|
134|165|123|
90|165|124|
83|165|125|
85|165|126|
88|165|127|
130|165|129|
99|165|131|
94|165|134|
106|165|136|
95|165|137|
85|165|138|
151|165|139|
128|165|140|
134|165|142|
87|165|144|
90|165|145|
102|165|147|
84|165|148|
113|165|149|
97|165|152|
101|165|156|
129|165|158|
107|165|159|
120|165|161|
101|165|162|
87|165|163|
79|165|164|
90|165|165|
72|165|166|
98|165|167|
129|165|168|
155|165|169|
78|165|172|
93|165|173|
76|165|174|
102|165|175|
108|165|177|
107|165|178|
134|165|179|
104|165|182|
116|165|184|
146|165|185|
131|165|186|
124|165|187|
115|165|189|
102|165|190|
87|165|191|
83|165|192|
92|165|193|
97|165|194|
123|166|0|
101|166|1|
71|166|2|
85|166|4|
98|166|5|
141|166|6|
143|166|8|
145|166|9|
115|166|11|
95|166|13|
117|166|14|
102|166|17|
81|166|18|
83|166|20|
88|166|22|
105|166|23|
100|166|24|
157|166|25|
70|166|26|
87|166|28|
91|166|29|
131|166|30|
72|166|31|
94|166|32|
102|166|33|
119|166|34|
84|166|35|
92|166|36|
91|166|39|
97|166|40|
116|166|41|
100|166|43|
125|166|44|
140|166|46|
72|166|47|
85|166|48|
86|166|49|
99|166|50|
103|166|51|
76|166|52|
97|166|56|
117|166|58|
141|166|59|
145|166|60|
86|166|61|
100|166|62|
135|166|64|
89|166|65|
133|166|66|
93|166|67|
89|166|68|
90|166|69|
75|166|70|
102|166|71|
86|166|72|
89|166|74|
147|166|75|
138|166|76|
87|166|77|
82|166|78|
91|166|79|
93|166|80|
152|166|81|
131|166|82|
142|166|83|
99|166|84|
119|166|85|
98|166|86|
103|166|88|
117|166|89|
119|166|90|
92|166|92|
111|166|94|
90|166|95|
103|166|96|
110|166|101|
100|166|102|
109|166|103|
76|166|104|
76|166|105|
134|166|106|
98|166|108|
105|166|109|
108|166|110|
103|166|114|
94|166|116|
83|166|117|
65|166|118|
101|166|119|
78|166|121|
136|166|122|
139|166|123|
92|166|124|
83|166|125|
78|166|126|
91|166|127|
134|166|129|
95|166|131|
98|166|134|
105|166|136|
96|166|137|
83|166|138|
152|166|139|
125|166|140|
135|166|142|
93|166|144|
89|166|145|
100|166|147|
84|166|148|
109|166|149|
101|166|152|
102|166|156|
124|166|158|
110|166|159|
122|166|161|
103|166|162|
88|166|163|
81|166|164|
95|166|165|
73|166|166|
95|166|167|
129|166|168|
155|166|169|
82|166|172|
103|166|173|
80|166|174|
100|166|175|
109|166|177|
103|166|178|
139|166|179|
98|166|182|
120|166|184|
146|166|185|
133|166|186|
123|166|187|
112|166|189|
100|166|190|
86|166|191|
83|166|192|
98|166|193|
97|166|194|
134|167|0|
102|167|1|
74|167|2|
86|167|4|
88|167|5|
145|167|6|
140|167|8|
143|167|9|
112|167|11|
89|167|13|
126|167|14|
103|167|17|
82|167|18|
85|167|20|
90|167|22|
107|167|23|
103|167|24|
155|167|25|
72|167|26|
89|167|28|
92|167|29|
133|167|30|
73|167|31|
100|167|32|
102|167|33|
118|167|34|
82|167|35|
91|167|36|
90|167|39|
94|167|40|
116|167|41|
103|167|43|
131|167|44|
138|167|46|
76|167|47|
85|167|48|
84|167|49|
97|167|50|
100|167|51|
77|167|52|
94|167|56|
114|167|58|
138|167|59|
147|167|60|
88|167|61|
103|167|62|
135|167|64|
94|167|65|
135|167|66|
93|167|67|
89|167|68|
90|167|69|
74|167|70|
101|167|71|
85|167|72|
91|167|74|
141|167|75|
134|167|76|
89|167|77|
83|167|78|
92|167|79|
94|167|80|
154|167|81|
135|167|82|
145|167|83|
105|167|84|
121|167|85|
92|167|86|
103|167|88|
121|167|89|
117|167|90|
91|167|92|
113|167|94|
90|167|95|
99|167|96|
112|167|101|
98|167|102|
109|167|103|
77|167|104|
78|167|105|
135|167|106|
97|167|108|
103|167|109|
111|167|110|
101|167|114|
97|167|116|
83|167|117|
65|167|118|
101|167|119|
77|167|121|
138|167|122|
135|167|123|
94|167|124|
86|167|125|
82|167|126|
86|167|127|
133|167|129|
95|167|131|
100|167|134|
105|167|136|
95|167|137|
84|167|138|
152|167|139|
133|167|140|
134|167|142|
103|167|144|
92|167|145|
100|167|147|
85|167|148|
110|167|149|
103|167|152|
104|167|156|
121|167|158|
113|167|159|
123|167|161|
105|167|162|
90|167|163|
80|167|164|
93|167|165|
78|167|166|
98|167|167|
129|167|168|
148|167|169|
77|167|172|
95|167|173|
77|167|174|
104|167|175|
108|167|177|
108|167|178|
138|167|179|
107|167|182|
125|167|184|
145|167|185|
134|167|186|
120|167|187|
118|167|189|
100|167|190|
86|167|191|
83|167|192|
99|167|193|
102|167|194|
131|168|0|
105|168|1|
77|168|2|
84|168|4|
90|168|5|
147|168|6|
141|168|8|
145|168|9|
115|168|11|
93|168|13|
122|168|14|
102|168|17|
87|168|18|
87|168|20|
92|168|22|
111|168|23|
97|168|24|
155|168|25|
72|168|26|
91|168|28|
94|168|29|
132|168|30|
70|168|31|
100|168|32|
100|168|33|
119|168|34|
79|168|35|
91|168|36|
90|168|39|
98|168|40|
120|168|41|
108|168|43|
134|168|44|
139|168|46|
76|168|47|
89|168|48|
87|168|49|
96|168|50|
102|168|51|
79|168|52|
101|168|56|
114|168|58|
138|168|59|
147|168|60|
89|168|61|
104|168|62|
138|168|64|
92|168|65|
137|168|66|
94|168|67|
89|168|68|
90|168|69|
69|168|70|
101|168|71|
84|168|72|
92|168|74|
142|168|75|
131|168|76|
90|168|77|
84|168|78|
98|168|79|
94|168|80|
153|168|81|
139|168|82|
148|168|83|
105|168|84|
121|168|85|
98|168|86|
104|168|88|
118|168|89|
118|168|90|
92|168|92|
115|168|94|
90|168|95|
101|168|96|
114|168|101|
102|168|102|
112|168|103|
76|168|104|
84|168|105|
140|168|106|
95|168|108|
103|168|109|
112|168|110|
97|168|114|
101|168|116|
80|168|117|
66|168|118|
100|168|119|
80|168|121|
137|168|122|
134|168|123|
96|168|124|
92|168|125|
82|168|126|
86|168|127|
136|168|129|
93|168|131|
101|168|134|
108|168|136|
93|168|137|
83|168|138|
152|168|139|
134|168|140|
135|168|142|
98|168|144|
94|168|145|
98|168|147|
85|168|148|
107|168|149|
102|168|152|
103|168|156|
124|168|158|
117|168|159|
124|168|161|
105|168|162|
92|168|163|
82|168|164|
96|168|165|
80|168|166|
99|168|167|
127|168|168|
154|168|169|
77|168|172|
98|168|173|
78|168|174|
98|168|175|
104|168|177|
108|168|178|
138|168|179|
107|168|182|
132|168|184|
145|168|185|
135|168|186|
122|168|187|
114|168|189|
102|168|190|
87|168|191|
83|168|192|
100|168|193|
102|168|194|
132|169|0|
108|169|1|
76|169|2|
88|169|4|
93|169|5|
148|169|6|
141|169|8|
142|169|9|
116|169|11|
96|169|13|
121|169|14|
101|169|17|
84|169|18|
86|169|20|
90|169|22|
109|169|23|
101|169|24|
156|169|25|
72|169|26|
91|169|28|
97|169|29|
134|169|30|
75|169|31|
102|169|32|
98|169|33|
119|169|34|
78|169|35|
91|169|36|
87|169|39|
99|169|40|
118|169|41|
111|169|43|
143|169|44|
138|169|46|
71|169|47|
89|169|48|
89|169|49|
97|169|50|
102|169|51|
78|169|52|
100|169|56|
115|169|58|
143|169|59|
147|169|60|
87|169|61|
104|169|62|
137|169|64|
92|169|65|
137|169|66|
97|169|67|
91|169|68|
89|169|69|
73|169|70|
101|169|71|
85|169|72|
94|169|74|
145|169|75|
130|169|76|
92|169|77|
85|169|78|
92|169|79|
95|169|80|
154|169|81|
141|169|82|
150|169|83|
105|169|84|
121|169|85|
99|169|86|
106|169|88|
117|169|89|
115|169|90|
89|169|92|
113|169|94|
89|169|95|
96|169|96|
114|169|101|
101|169|102|
115|169|103|
76|169|104|
78|169|105|
141|169|106|
94|169|108|
100|169|109|
113|169|110|
98|169|114|
105|169|116|
83|169|117|
65|169|118|
100|169|119|
80|169|121|
137|169|122|
133|169|123|
94|169|124|
89|169|125|
88|169|126|
94|169|127|
135|169|129|
107|169|131|
106|169|134|
109|169|136|
104|169|137|
83|169|138|
153|169|139|
138|169|140|
136|169|142|
102|169|144|
97|169|145|
96|169|147|
84|169|148|
106|169|149|
103|169|152|
102|169|156|
125|169|158|
122|169|159|
119|169|161|
103|169|162|
90|169|163|
83|169|164|
98|169|165|
82|169|166|
103|169|167|
126|169|168|
154|169|169|
77|169|172|
98|169|173|
80|169|174|
93|169|175|
112|169|177|
104|169|178|
138|169|179|
106|169|182|
132|169|184|
146|169|185|
136|169|186|
129|169|187|
117|169|189|
104|169|190|
88|169|191|
84|169|192|
101|169|193|
100|169|194|
114|170|0|
109|170|1|
76|170|2|
88|170|4|
101|170|5|
150|170|6|
142|170|8|
145|170|9|
118|170|11|
99|170|13|
126|170|14|
103|170|17|
81|170|18|
90|170|20|
92|170|22|
108|170|23|
96|170|24|
155|170|25|
70|170|26|
94|170|28|
98|170|29|
133|170|30|
75|170|31|
105|170|32|
95|170|33|
119|170|34|
83|170|35|
92|170|36|
85|170|39|
101|170|40|
120|170|41|
116|170|43|
138|170|44|
142|170|46|
77|170|47|
90|170|48|
88|170|49|
98|170|50|
102|170|51|
78|170|52|
103|170|56|
103|170|58|
141|170|59|
149|170|60|
88|170|61|
101|170|62|
139|170|64|
97|170|65|
142|170|66|
101|170|67|
91|170|68|
91|170|69|
69|170|70|
101|170|71|
84|170|72|
94|170|74|
146|170|75|
136|170|76|
95|170|77|
87|170|78|
94|170|79|
96|170|80|
155|170|81|
141|170|82|
156|170|83|
112|170|84|
123|170|85|
97|170|86|
103|170|88|
121|170|89|
116|170|90|
91|170|92|
113|170|94|
91|170|95|
107|170|96|
112|170|101|
106|170|102|
116|170|103|
80|170|104|
89|170|105|
141|170|106|
89|170|108|
106|170|109|
114|170|110|
99|170|114|
105|170|116|
81|170|117|
66|170|118|
99|170|119|
80|170|121|
136|170|122|
133|170|123|
93|170|124|
88|170|125|
89|170|126|
93|170|127|
135|170|129|
107|170|131|
98|170|134|
111|170|136|
98|170|137|
81|170|138|
154|170|139|
135|170|140|
129|170|142|
103|170|144|
100|170|145|
95|170|147|
85|170|148|
98|170|149|
103|170|152|
103|170|156|
127|170|158|
127|170|159|
123|170|161|
102|170|162|
94|170|163|
85|170|164|
101|170|165|
88|170|166|
100|170|167|
129|170|168|
157|170|169|
77|170|172|
98|170|173|
77|170|174|
94|170|175|
111|170|177|
107|170|178|
141|170|179|
109|170|182|
132|170|184|
147|170|185|
136|170|186|
133|170|187|
116|170|189|
105|170|190|
91|170|191|
83|170|192|
101|170|193|
103|170|194|
113|171|0|
106|171|1|
77|171|2|
90|171|4|
97|171|5|
143|171|6|
143|171|8|
145|171|9|
116|171|11|
91|171|13|
136|171|14|
103|171|17|
85|171|18|
93|171|20|
95|171|22|
109|171|23|
103|171|24|
158|171|25|
68|171|26|
93|171|28|
100|171|29|
131|171|30|
75|171|31|
105|171|32|
91|171|33|
122|171|34|
83|171|35|
95|171|36|
87|171|39|
104|171|40|
117|171|41|
124|171|43|
138|171|44|
143|171|46|
78|171|47|
89|171|48|
89|171|49|
95|171|50|
102|171|51|
81|171|52|
102|171|56|
116|171|58|
141|171|59|
148|171|60|
89|171|61|
102|171|62|
140|171|64|
96|171|65|
143|171|66|
99|171|67|
90|171|68|
92|171|69|
73|171|70|
100|171|71|
85|171|72|
91|171|74|
147|171|75|
133|171|76|
89|171|77|
88|171|78|
92|171|79|
97|171|80|
156|171|81|
147|171|82|
155|171|83|
115|171|84|
123|171|85|
98|171|86|
103|171|88|
123|171|89|
112|171|90|
91|171|92|
113|171|94|
94|171|95|
111|171|96|
116|171|101|
108|171|102|
114|171|103|
79|171|104|
77|171|105|
142|171|106|
88|171|108|
107|171|109|
114|171|110|
97|171|114|
109|171|116|
84|171|117|
67|171|118|
99|171|119|
79|171|121|
136|171|122|
136|171|123|
92|171|124|
94|171|125|
84|171|126|
94|171|127|
137|171|129|
103|171|131|
104|171|134|
110|171|136|
101|171|137|
83|171|138|
154|171|139|
136|171|140|
134|171|142|
102|171|144|
101|171|145|
94|171|147|
85|171|148|
98|171|149|
102|171|152|
100|171|156|
125|171|158|
130|171|159|
124|171|161|
99|171|162|
91|171|163|
91|171|164|
103|171|165|
88|171|166|
100|171|167|
130|171|168|
155|171|169|
76|171|172|
98|171|173|
76|171|174|
98|171|175|
114|171|177|
111|171|178|
144|171|179|
107|171|182|
125|171|184|
146|171|185|
137|171|186|
126|171|187|
119|171|189|
104|171|190|
88|171|191|
82|171|192|
102|171|193|
104|171|194|
120|172|0|
107|172|1|
83|172|2|
88|172|4|
88|172|5|
138|172|6|
145|172|8|
144|172|9|
113|172|11|
85|172|13|
131|172|14|
104|172|17|
81|172|18|
90|172|20|
96|172|22|
108|172|23|
98|172|24|
156|172|25|
66|172|26|
91|172|28|
102|172|29|
132|172|30|
79|172|31|
106|172|32|
85|172|33|
122|172|34|
82|172|35|
97|172|36|
90|172|39|
105|172|40|
115|172|41|
119|172|43|
127|172|44|
139|172|46|
76|172|47|
89|172|48|
91|172|49|
99|172|50|
103|172|51|
80|172|52|
102|172|56|
113|172|58|
142|172|59|
147|172|60|
88|172|61|
94|172|62|
141|172|64|
93|172|65|
141|172|66|
98|172|67|
90|172|68|
91|172|69|
71|172|70|
101|172|71|
85|172|72|
90|172|74|
144|172|75|
138|172|76|
89|172|77|
89|172|78|
98|172|79|
94|172|80|
155|172|81|
146|172|82|
157|172|83|
120|172|84|
125|172|85|
98|172|86|
106|172|88|
125|172|89|
115|172|90|
90|172|92|
113|172|94|
91|172|95|
106|172|96|
114|172|101|
106|172|102|
115|172|103|
76|172|104|
76|172|105|
141|172|106|
85|172|108|
107|172|109|
116|172|110|
97|172|114|
108|172|116|
82|172|117|
65|172|118|
98|172|119|
78|172|121|
138|172|122|
137|172|123|
90|172|124|
87|172|125|
75|172|126|
94|172|127|
138|172|129|
106|172|131|
95|172|134|
109|172|136|
97|172|137|
85|172|138|
156|172|139|
135|172|140|
136|172|142|
98|172|144|
101|172|145|
92|172|147|
79|172|148|
97|172|149|
100|172|152|
99|172|156|
129|172|158|
134|172|159|
127|172|161|
98|172|162|
98|172|163|
88|172|164|
104|172|165|
87|172|166|
100|172|167|
129|172|168|
158|172|169|
76|172|172|
98|172|173|
76|172|174|
98|172|175|
113|172|177|
118|172|178|
147|172|179|
109|172|182|
122|172|184|
143|172|185|
138|172|186|
124|172|187|
117|172|189|
102|172|190|
87|172|191|
83|172|192|
102|172|193|
105|172|194|
122|173|0|
109|173|1|
83|173|2|
86|173|4|
84|173|5|
135|173|6|
139|173|8|
148|173|9|
111|173|11|
89|173|13|
133|173|14|
104|173|17|
85|173|18|
86|173|20|
89|173|22|
107|173|23|
93|173|24|
156|173|25|
64|173|26|
87|173|28|
101|173|29|
133|173|30|
78|173|31|
109|173|32|
80|173|33|
116|173|34|
85|173|35|
98|173|36|
88|173|39|
107|173|40|
114|173|41|
117|173|43|
129|173|44|
137|173|46|
80|173|47|
85|173|48|
94|173|49|
95|173|50|
106|173|51|
83|173|52|
106|173|56|
109|173|58|
144|173|59|
147|173|60|
87|173|61|
93|173|62|
142|173|64|
94|173|65|
154|173|66|
97|173|67|
93|173|68|
97|173|69|
71|173|70|
106|173|71|
87|173|72|
92|173|74|
147|173|75|
132|173|76|
92|173|77|
94|173|78|
105|173|79|
95|173|80|
156|173|81|
149|173|82|
160|173|83|
114|173|84|
125|173|85|
96|173|86|
103|173|88|
129|173|89|
112|173|90|
89|173|92|
112|173|94|
89|173|95|
107|173|96|
112|173|101|
109|173|102|
117|173|103|
82|173|104|
74|173|105|
139|173|106|
90|173|108|
107|173|109|
117|173|110|
98|173|114|
110|173|116|
87|173|117|
66|173|118|
98|173|119|
80|173|121|
140|173|122|
139|173|123|
92|173|124|
90|173|125|
80|173|126|
97|173|127|
139|173|129|
105|173|131|
98|173|134|
110|173|136|
94|173|137|
84|173|138|
157|173|139|
134|173|140|
138|173|142|
98|173|144|
103|173|145|
92|173|147|
76|173|148|
101|173|149|
98|173|152|
98|173|156|
130|173|158|
138|173|159|
128|173|161|
98|173|162|
98|173|163|
87|173|164|
102|173|165|
90|173|166|
100|173|167|
129|173|168|
159|173|169|
82|173|172|
102|173|173|
77|173|174|
92|173|175|
115|173|177|
117|173|178|
143|173|179|
104|173|182|
150|173|184|
146|173|185|
137|173|186|
123|173|187|
116|173|189|
102|173|190|
88|173|191|
84|173|192|
104|173|193|
104|173|194|
122|174|0|
112|174|1|
89|174|2|
85|174|4|
81|174|5|
144|174|6|
136|174|8|
144|174|9|
108|174|11|
92|174|13|
129|174|14|
107|174|17|
79|174|18|
93|174|20|
84|174|22|
112|174|23|
94|174|24|
155|174|25|
66|174|26|
85|174|28|
106|174|29|
134|174|30|
76|174|31|
114|174|32|
80|174|33|
122|174|34|
85|174|35|
101|174|36|
85|174|39|
107|174|40|
114|174|41|
127|174|43|
109|174|44|
137|174|46|
76|174|47|
87|174|48|
95|174|49|
96|174|50|
107|174|51|
85|174|52|
107|174|56|
104|174|58|
142|174|59|
147|174|60|
95|174|61|
88|174|62|
140|174|64|
96|174|65|
151|174|66|
93|174|67|
92|174|68|
96|174|69|
72|174|70|
108|174|71|
87|174|72|
90|174|74|
152|174|75|
133|174|76|
87|174|77|
94|174|78|
108|174|79|
97|174|80|
158|174|81|
145|174|82|
156|174|83|
118|174|84|
123|174|85|
98|174|86|
104|174|88|
130|174|89|
112|174|90|
88|174|92|
112|174|94|
94|174|95|
108|174|96|
115|174|101|
108|174|102|
119|174|103|
81|174|104|
80|174|105|
138|174|106|
89|174|108|
109|174|109|
119|174|110|
98|174|114|
112|174|116|
84|174|117|
67|174|118|
97|174|119|
79|174|121|
141|174|122|
139|174|123|
90|174|124|
90|174|125|
85|174|126|
93|174|127|
134|174|129|
105|174|131|
107|174|134|
111|174|136|
95|174|137|
89|174|138|
158|174|139|
137|174|140|
141|174|142|
96|174|144|
105|174|145|
85|174|147|
76|174|148|
102|174|149|
97|174|152|
100|174|156|
129|174|158|
136|174|159|
138|174|161|
98|174|162|
103|174|163|
86|174|164|
97|174|165|
92|174|166|
100|174|167|
130|174|168|
153|174|169|
85|174|172|
102|174|173|
77|174|174|
87|174|175|
120|174|177|
121|174|178|
143|174|179|
106|174|182|
135|174|184|
140|174|185|
136|174|186|
131|174|187|
119|174|189|
103|174|190|
89|174|191|
84|174|192|
104|174|193|
104|174|194|
124|175|0|
112|175|1|
93|175|2|
84|175|4|
84|175|5|
147|175|6|
139|175|8|
141|175|9|
105|175|11|
88|175|13|
125|175|14|
108|175|17|
72|175|18|
96|175|20|
88|175|22|
112|175|23|
94|175|24|
157|175|25|
68|175|26|
72|175|28|
105|175|29|
129|175|30|
77|175|31|
107|175|32|
77|175|33|
112|175|34|
86|175|35|
103|175|36|
90|175|39|
109|175|40|
121|175|41|
120|175|43|
107|175|44|
134|175|46|
75|175|47|
89|175|48|
94|175|49|
100|175|50|
109|175|51|
91|175|52|
109|175|56|
105|175|58|
144|175|59|
146|175|60|
99|175|61|
81|175|62|
140|175|64|
91|175|65|
150|175|66|
92|175|67|
95|175|68|
98|175|69|
76|175|70|
109|175|71|
87|175|72|
94|175|74|
152|175|75|
134|175|76|
93|175|77|
94|175|78|
109|175|79|
99|175|80|
156|175|81|
143|175|82|
152|175|83|
119|175|84|
122|175|85|
96|175|86|
104|175|88|
131|175|89|
114|175|90|
87|175|92|
110|175|94|
94|175|95|
102|175|96|
114|175|101|
107|175|102|
117|175|103|
80|175|104|
84|175|105|
145|175|106|
88|175|108|
112|175|109|
122|175|110|
98|175|114|
118|175|116|
82|175|117|
67|175|118|
96|175|119|
76|175|121|
134|175|122|
141|175|123|
92|175|124|
90|175|125|
83|175|126|
96|175|127|
134|175|129|
101|175|131|
107|175|134|
107|175|136|
98|175|137|
90|175|138|
159|175|139|
136|175|140|
138|175|142|
103|175|144|
108|175|145|
82|175|147|
80|175|148|
99|175|149|
97|175|152|
98|175|156|
130|175|158|
140|175|159|
138|175|161|
98|175|162|
99|175|163|
85|175|164|
100|175|165|
86|175|166|
100|175|167|
132|175|168|
145|175|169|
98|175|172|
103|175|173|
78|175|174|
85|175|175|
116|175|177|
120|175|178|
148|175|179|
106|175|182|
141|175|184|
141|175|185|
136|175|186|
130|175|187|
112|175|189|
107|175|190|
84|175|191|
85|175|192|
104|175|193|
102|175|194|
127|176|0|
120|176|1|
92|176|2|
85|176|4|
80|176|5|
143|176|6|
140|176|8|
146|176|9|
106|176|11|
94|176|13|
129|176|14|
107|176|17|
85|176|18|
96|176|20|
87|176|22|
113|176|23|
96|176|24|
161|176|25|
71|176|26|
68|176|28|
103|176|29|
136|176|30|
76|176|31|
107|176|32|
76|176|33|
117|176|34|
85|176|35|
109|176|36|
89|176|39|
111|176|40|
121|176|41|
124|176|43|
104|176|44|
134|176|46|
73|176|47|
92|176|48|
94|176|49|
103|176|50|
113|176|51|
93|176|52|
112|176|56|
103|176|58|
142|176|59|
147|176|60|
100|176|61|
83|176|62|
143|176|64|
85|176|65|
149|176|66|
94|176|67|
93|176|68|
99|176|69|
79|176|70|
112|176|71|
89|176|72|
95|176|74|
148|176|75|
137|176|76|
86|176|77|
92|176|78|
111|176|79|
100|176|80|
154|176|81|
145|176|82|
152|176|83|
120|176|84|
124|176|85|
102|176|86|
105|176|88|
129|176|89|
120|176|90|
88|176|92|
111|176|94|
98|176|95|
108|176|96|
116|176|101|
107|176|102|
118|176|103|
86|176|104|
83|176|105|
148|176|106|
89|176|108|
112|176|109|
121|176|110|
103|176|114|
115|176|116|
85|176|117|
67|176|118|
97|176|119|
79|176|121|
138|176|122|
146|176|123|
92|176|124|
94|176|125|
79|176|126|
101|176|127|
143|176|129|
102|176|131|
94|176|134|
111|176|136|
96|176|137|
93|176|138|
161|176|139|
135|176|140|
146|176|142|
105|176|144|
110|176|145|
87|176|147|
86|176|148|
99|176|149|
95|176|152|
98|176|156|
128|176|158|
142|176|159|
137|176|161|
98|176|162|
99|176|163|
88|176|164|
101|176|165|
88|176|166|
101|176|167|
135|176|168|
149|176|169|
100|176|172|
100|176|173|
80|176|174|
81|176|175|
121|176|177|
118|176|178|
152|176|179|
108|176|182|
142|176|184|
143|176|185|
142|176|186|
129|176|187|
108|176|189|
111|176|190|
85|176|191|
87|176|192|
105|176|193|
103|176|194|
112|177|0|
125|177|1|
99|177|2|
88|177|4|
77|177|5|
143|177|6|
138|177|8|
143|177|9|
100|177|11|
85|177|13|
129|177|14|
110|177|17|
83|177|18|
94|177|20|
89|177|22|
115|177|23|
95|177|24|
157|177|25|
63|177|26|
69|177|28|
102|177|29|
135|177|30|
76|177|31|
108|177|32|
76|177|33|
115|177|34|
86|177|35|
107|177|36|
90|177|39|
112|177|40|
122|177|41|
122|177|43|
104|177|44|
135|177|46|
70|177|47|
96|177|48|
98|177|49|
103|177|50|
115|177|51|
95|177|52|
106|177|56|
107|177|58|
137|177|59|
150|177|60|
103|177|61|
82|177|62|
141|177|64|
77|177|65|
150|177|66|
100|177|67|
95|177|68|
101|177|69|
82|177|70|
112|177|71|
87|177|72|
94|177|74|
147|177|75|
137|177|76|
95|177|77|
94|177|78|
112|177|79|
103|177|80|
158|177|81|
145|177|82|
150|177|83|
119|177|84|
125|177|85|
106|177|86|
106|177|88|
125|177|89|
123|177|90|
91|177|92|
118|177|94|
103|177|95|
114|177|96|
111|177|101|
105|177|102|
119|177|103|
87|177|104|
79|177|105|
147|177|106|
92|177|108|
114|177|109|
123|177|110|
100|177|114|
117|177|116|
82|177|117|
68|177|118|
98|177|119|
80|177|121|
139|177|122|
140|177|123|
94|177|124|
95|177|125|
80|177|126|
99|177|127|
143|177|129|
103|177|131|
106|177|134|
114|177|136|
93|177|137|
95|177|138|
161|177|139|
134|177|140|
145|177|142|
106|177|144|
111|177|145|
93|177|147|
95|177|148|
93|177|149|
96|177|152|
99|177|156|
128|177|158|
140|177|159|
135|177|161|
99|177|162|
100|177|163|
96|177|164|
102|177|165|
91|177|166|
103|177|167|
134|177|168|
157|177|169|
100|177|172|
98|177|173|
85|177|174|
80|177|175|
120|177|177|
123|177|178|
149|177|179|
107|177|182|
141|177|184|
142|177|185|
141|177|186|
122|177|187|
113|177|189|
117|177|190|
82|177|191|
90|177|192|
109|177|193|
103|177|194|
118|178|0|
121|178|1|
105|178|2|
89|178|4|
74|178|5|
145|178|6|
136|178|8|
144|178|9|
98|178|11|
91|178|13|
134|178|14|
113|178|17|
85|178|18|
95|178|20|
84|178|22|
117|178|23|
106|178|24|
160|178|25|
71|178|26|
71|178|28|
101|178|29|
132|178|30|
94|178|31|
106|178|32|
75|178|33|
117|178|34|
93|178|35|
111|178|36|
90|178|39|
110|178|40|
124|178|41|
126|178|43|
108|178|44|
136|178|46|
65|178|47|
99|178|48|
96|178|49|
103|178|50|
119|178|51|
97|178|52|
108|178|56|
108|178|58|
137|178|59|
152|178|60|
105|178|61|
85|178|62|
147|178|64|
75|178|65|
150|178|66|
103|178|67|
96|178|68|
104|178|69|
88|178|70|
111|178|71|
88|178|72|
93|178|74|
149|178|75|
140|178|76|
97|178|77|
96|178|78|
113|178|79|
111|178|80|
161|178|81|
141|178|82|
157|178|83|
122|178|84|
125|178|85|
110|178|86|
106|178|88|
128|178|89|
127|178|90|
88|178|92|
120|178|94|
106|178|95|
113|178|96|
111|178|101|
104|178|102|
120|178|103|
91|178|104|
75|178|105|
146|178|106|
95|178|108|
117|178|109|
126|178|110|
104|178|114|
119|178|116|
82|178|117|
70|178|118|
99|178|119|
81|178|121|
138|178|122|
140|178|123|
91|178|124|
95|178|125|
80|178|126|
99|178|127|
145|178|129|
105|178|131|
95|178|134|
116|178|136|
86|178|137|
98|178|138|
161|178|139|
127|178|140|
147|178|142|
105|178|144|
110|178|145|
93|178|147|
104|178|148|
94|178|149|
96|178|152|
98|178|156|
128|178|158|
143|178|159|
135|178|161|
102|178|162|
101|178|163|
100|178|164|
100|178|165|
98|178|166|
103|178|167|
132|178|168|
155|178|169|
99|178|172|
106|178|173|
90|178|174|
85|178|175|
126|178|177|
126|178|178|
148|178|179|
103|178|182|
143|178|184|
139|178|185|
142|178|186|
121|178|187|
118|178|189|
117|178|190|
80|178|191|
94|178|192|
103|178|193|
103|178|194|
118|179|0|
117|179|1|
110|179|2|
89|179|4|
78|179|5|
144|179|6|
135|179|8|
147|179|9|
102|179|11|
94|179|13|
129|179|14|
115|179|17|
89|179|18|
97|179|20|
91|179|22|
121|179|23|
106|179|24|
161|179|25|
76|179|26|
73|179|28|
102|179|29|
132|179|30|
96|179|31|
106|179|32|
75|179|33|
120|179|34|
94|179|35|
110|179|36|
91|179|39|
112|179|40|
131|179|41|
122|179|43|
114|179|44|
138|179|46|
62|179|47|
93|179|48|
98|179|49|
103|179|50|
125|179|51|
99|179|52|
107|179|56|
112|179|58|
135|179|59|
152|179|60|
102|179|61|
85|179|62|
147|179|64|
73|179|65|
150|179|66|
103|179|67|
96|179|68|
107|179|69|
87|179|70|
107|179|71|
89|179|72|
92|179|74|
147|179|75|
144|179|76|
91|179|77|
99|179|78|
116|179|79|
116|179|80|
160|179|81|
140|179|82|
162|179|83|
116|179|84|
126|179|85|
112|179|86|
104|179|88|
132|179|89|
131|179|90|
87|179|92|
123|179|94|
103|179|95|
116|179|96|
108|179|101|
102|179|102|
123|179|103|
96|179|104|
79|179|105|
144|179|106|
92|179|108|
120|179|109|
128|179|110|
105|179|114|
122|179|116|
83|179|117|
71|179|118|
101|179|119|
78|179|121|
140|179|122|
137|179|123|
88|179|124|
96|179|125|
78|179|126|
105|179|127|
147|179|129|
103|179|131|
94|179|134|
113|179|136|
92|179|137|
98|179|138|
161|179|139|
124|179|140|
143|179|142|
107|179|144|
111|179|145|
90|179|147|
118|179|148|
98|179|149|
95|179|152|
101|179|156|
127|179|158|
141|179|159|
137|179|161|
104|179|162|
104|179|163|
102|179|164|
106|179|165|
94|179|166|
103|179|167|
134|179|168|
153|179|169|
101|179|172|
98|179|173|
95|179|174|
92|179|175|
126|179|177|
127|179|178|
152|179|179|
96|179|182|
138|179|184|
142|179|185|
144|179|186|
129|179|187|
120|179|189|
120|179|190|
86|179|191|
93|179|192|
103|179|193|
101|179|194|
112|180|0|
117|180|1|
116|180|2|
89|180|4|
89|180|5|
145|180|6|
138|180|8|
151|180|9|
118|180|11|
91|180|13|
137|180|14|
119|180|17|
85|180|18|
94|180|20|
88|180|22|
121|180|23|
115|180|24|
161|180|25|
70|180|26|
76|180|28|
101|180|29|
133|180|30|
94|180|31|
104|180|32|
74|180|33|
120|180|34|
97|180|35|
113|180|36|
93|180|39|
115|180|40|
131|180|41|
130|180|43|
111|180|44|
141|180|46|
65|180|47|
100|180|48|
102|180|49|
107|180|50|
129|180|51|
101|180|52|
107|180|56|
113|180|58|
139|180|59|
152|180|60|
102|180|61|
88|180|62|
147|180|64|
72|180|65|
144|180|66|
102|180|67|
97|180|68|
106|180|69|
91|180|70|
110|180|71|
88|180|72|
93|180|74|
152|180|75|
143|180|76|
89|180|77|
101|180|78|
120|180|79|
120|180|80|
161|180|81|
139|180|82|
162|180|83|
119|180|84|
126|180|85|
114|180|86|
103|180|88|
130|180|89|
132|180|90|
88|180|92|
127|180|94|
102|180|95|
112|180|96|
109|180|101|
100|180|102|
124|180|103|
102|180|104|
76|180|105|
147|180|106|
96|180|108|
118|180|109|
135|180|110|
105|180|114|
120|180|116|
84|180|117|
70|180|118|
101|180|119|
79|180|121|
139|180|122|
138|180|123|
91|180|124|
98|180|125|
84|180|126|
98|180|127|
151|180|129|
99|180|131|
94|180|134|
114|180|136|
92|180|137|
102|180|138|
161|180|139|
125|180|140|
142|180|142|
106|180|144|
109|180|145|
93|180|147|
129|180|148|
98|180|149|
96|180|152|
99|180|156|
129|180|158|
136|180|159|
140|180|161|
103|180|162|
107|180|163|
98|180|164|
107|180|165|
94|180|166|
108|180|167|
134|180|168|
158|180|169|
100|180|172|
98|180|173|
94|180|174|
92|180|175|
134|180|177|
133|180|178|
155|180|179|
92|180|182|
152|180|184|
140|180|185|
143|180|186|
127|180|187|
116|180|189|
122|180|190|
87|180|191|
91|180|192|
102|180|193|
103|180|194|
112|181|0|
120|181|1|
117|181|2|
85|181|4|
92|181|5|
144|181|6|
138|181|8|
151|181|9|
112|181|11|
90|181|13|
137|181|14|
120|181|17|
82|181|18|
93|181|20|
89|181|22|
117|181|23|
110|181|24|
165|181|25|
68|181|26|
80|181|28|
98|181|29|
130|181|30|
102|181|31|
104|181|32|
73|181|33|
121|181|34|
97|181|35|
113|181|36|
91|181|39|
112|181|40|
134|181|41|
132|181|43|
112|181|44|
141|181|46|
65|181|47|
101|181|48|
100|181|49|
105|181|50|
135|181|51|
103|181|52|
107|181|56|
99|181|58|
136|181|59|
154|181|60|
102|181|61|
92|181|62|
147|181|64|
71|181|65|
152|181|66|
100|181|67|
107|181|68|
110|181|69|
96|181|70|
113|181|71|
89|181|72|
95|181|74|
152|181|75|
148|181|76|
93|181|77|
104|181|78|
122|181|79|
127|181|80|
159|181|81|
142|181|82|
158|181|83|
116|181|84|
124|181|85|
116|181|86|
102|181|88|
126|181|89|
132|181|90|
88|181|92|
125|181|94|
104|181|95|
113|181|96|
110|181|101|
102|181|102|
124|181|103|
103|181|104|
72|181|105|
143|181|106|
97|181|108|
120|181|109|
141|181|110|
105|181|114|
122|181|116|
81|181|117|
73|181|118|
101|181|119|
81|181|121|
136|181|122|
138|181|123|
96|181|124|
98|181|125|
85|181|126|
103|181|127|
150|181|129|
98|181|131|
101|181|134|
111|181|136|
98|181|137|
100|181|138|
151|181|139|
125|181|140|
141|181|142|
107|181|144|
112|181|145|
92|181|147|
130|181|148|
109|181|149|
95|181|152|
98|181|156|
127|181|158|
134|181|159|
134|181|161|
101|181|162|
102|181|163|
102|181|164|
112|181|165|
93|181|166|
104|181|167|
133|181|168|
158|181|169|
99|181|172|
99|181|173|
96|181|174|
91|181|175|
134|181|177|
129|181|178|
150|181|179|
94|181|182|
153|181|184|
139|181|185|
145|181|186|
129|181|187|
113|181|189|
124|181|190|
90|181|191|
91|181|192|
101|181|193|
100|181|194|
112|182|0|
120|182|1|
116|182|2|
79|182|4|
88|182|5|
138|182|6|
139|182|8|
153|182|9|
124|182|11|
91|182|13|
132|182|14|
118|182|17|
84|182|18|
90|182|20|
90|182|22|
119|182|23|
113|182|24|
164|182|25|
75|182|26|
81|182|28|
98|182|29|
133|182|30|
95|182|31|
101|182|32|
72|182|33|
117|182|34|
105|182|35|
113|182|36|
96|182|39|
109|182|40|
131|182|41|
135|182|43|
120|182|44|
139|182|46|
67|182|47|
103|182|48|
99|182|49|
105|182|50|
138|182|51|
101|182|52|
110|182|56|
112|182|58|
140|182|59|
154|182|60|
106|182|61|
94|182|62|
150|182|64|
67|182|65|
153|182|66|
98|182|67|
102|182|68|
106|182|69|
96|182|70|
111|182|71|
88|182|72|
91|182|74|
153|182|75|
143|182|76|
91|182|77|
104|182|78|
121|182|79|
133|182|80|
162|182|81|
148|182|82|
152|182|83|
113|182|84|
126|182|85|
116|182|86|
102|182|88|
126|182|89|
136|182|90|
89|182|92|
129|182|94|
102|182|95|
115|182|96|
102|182|101|
102|182|102|
123|182|103|
105|182|104|
81|182|105|
138|182|106|
98|182|108|
119|182|109|
141|182|110|
105|182|114|
125|182|116|
78|182|117|
75|182|118|
99|182|119|
79|182|121|
139|182|122|
138|182|123|
90|182|124|
100|182|125|
85|182|126|
90|182|127|
142|182|129|
101|182|131|
103|182|134|
113|182|136|
97|182|137|
99|182|138|
147|182|139|
127|182|140|
134|182|142|
106|182|144|
113|182|145|
91|182|147|
130|182|148|
107|182|149|
94|182|152|
101|182|156|
131|182|158|
132|182|159|
138|182|161|
102|182|162|
103|182|163|
102|182|164|
109|182|165|
88|182|166|
105|182|167|
134|182|168|
156|182|169|
100|182|172|
91|182|173|
97|182|174|
89|182|175|
134|182|177|
129|182|178|
153|182|179|
100|182|182|
154|182|184|
140|182|185|
143|182|186|
125|182|187|
115|182|189|
116|182|190|
88|182|191|
94|182|192|
96|182|193|
100|182|194|
113|183|0|
126|183|1|
115|183|2|
78|183|4|
91|183|5|
134|183|6|
137|183|8|
151|183|9|
121|183|11|
92|183|13|
134|183|14|
112|183|17|
79|183|18|
86|183|20|
94|183|22|
117|183|23|
118|183|24|
162|183|25|
72|183|26|
85|183|28|
96|183|29|
131|183|30|
106|183|31|
95|183|32|
72|183|33|
114|183|34|
108|183|35|
115|183|36|
95|183|39|
113|183|40|
127|183|41|
138|183|43|
120|183|44|
136|183|46|
69|183|47|
101|183|48|
100|183|49|
99|183|50|
137|183|51|
100|183|52|
108|183|56|
112|183|58|
134|183|59|
156|183|60|
108|183|61|
97|183|62|
152|183|64|
69|183|65|
154|183|66|
95|183|67|
95|183|68|
105|183|69|
96|183|70|
114|183|71|
87|183|72|
94|183|74|
154|183|75|
143|183|76|
99|183|77|
107|183|78|
125|183|79|
137|183|80|
159|183|81|
147|183|82|
151|183|83|
114|183|84|
127|183|85|
116|183|86|
99|183|88|
121|183|89|
135|183|90|
87|183|92|
131|183|94|
105|183|95|
110|183|96|
108|183|101|
97|183|102|
125|183|103|
103|183|104|
78|183|105|
140|183|106|
111|183|108|
117|183|109|
140|183|110|
107|183|114|
124|183|116|
76|183|117|
76|183|118|
98|183|119|
86|183|121|
138|183|122|
134|183|123|
93|183|124|
100|183|125|
78|183|126|
91|183|127|
142|183|129|
101|183|131|
104|183|134|
114|183|136|
98|183|137|
92|183|138|
151|183|139|
128|183|140|
135|183|142|
105|183|144|
112|183|145|
94|183|147|
131|183|148|
99|183|149|
89|183|152|
100|183|156|
128|183|158|
133|183|159|
137|183|161|
104|183|162|
105|183|163|
102|183|164|
108|183|165|
92|183|166|
111|183|167|
134|183|168|
156|183|169|
99|183|172|
97|183|173|
96|183|174|
84|183|175|
135|183|177|
135|183|178|
154|183|179|
105|183|182|
156|183|184|
140|183|185|
145|183|186|
116|183|187|
118|183|189|
117|183|190|
89|183|191|
93|183|192|
96|183|193|
98|183|194|
110|184|0|
122|184|1|
112|184|2|
75|184|4|
101|184|5|
136|184|6|
138|184|8|
151|184|9|
120|184|11|
91|184|13|
132|184|14|
112|184|17|
89|184|18|
90|184|20|
99|184|22|
117|184|23|
123|184|24|
162|184|25|
69|184|26|
84|184|28|
93|184|29|
134|184|30|
107|184|31|
86|184|32|
70|184|33|
116|184|34|
109|184|35|
114|184|36|
96|184|39|
115|184|40|
129|184|41|
140|184|43|
125|184|44|
136|184|46|
68|184|47|
109|184|48|
102|184|49|
102|184|50|
138|184|51|
102|184|52|
110|184|56|
115|184|58|
135|184|59|
155|184|60|
112|184|61|
98|184|62|
152|184|64|
80|184|65|
160|184|66|
94|184|67|
91|184|68|
109|184|69|
96|184|70|
112|184|71|
85|184|72|
94|184|74|
152|184|75|
144|184|76|
100|184|77|
108|184|78|
123|184|79|
144|184|80|
159|184|81|
147|184|82|
153|184|83|
117|184|84|
127|184|85|
117|184|86|
92|184|88|
120|184|89|
135|184|90|
85|184|92|
133|184|94|
103|184|95|
108|184|96|
107|184|101|
93|184|102|
125|184|103|
103|184|104|
83|184|105|
135|184|106|
109|184|108|
119|184|109|
137|184|110|
105|184|114|
127|184|116|
79|184|117|
77|184|118|
98|184|119|
87|184|121|
140|184|122|
138|184|123|
96|184|124|
98|184|125|
79|184|126|
93|184|127|
144|184|129|
101|184|131|
105|184|134|
112|184|136|
89|184|137|
96|184|138|
150|184|139|
129|184|140|
138|184|142|
101|184|144|
112|184|145|
94|184|147|
122|184|148|
104|184|149|
88|184|152|
100|184|156|
128|184|158|
135|184|159|
137|184|161|
103|184|162|
110|184|163|
108|184|164|
109|184|165|
81|184|166|
119|184|167|
137|184|168|
153|184|169|
101|184|172|
94|184|173|
97|184|174|
85|184|175|
135|184|177|
137|184|178|
154|184|179|
98|184|182|
164|184|184|
141|184|185|
147|184|186|
120|184|187|
124|184|189|
124|184|190|
91|184|191|
95|184|192|
95|184|193|
96|184|194|
108|185|0|
115|185|1|
117|185|2|
76|185|4|
98|185|5|
140|185|6|
140|185|8|
152|185|9|
121|185|11|
93|185|13|
131|185|14|
111|185|17|
89|185|18|
94|185|20|
98|185|22|
118|185|23|
130|185|24|
162|185|25|
78|185|26|
81|185|28|
94|185|29|
137|185|30|
100|185|31|
83|185|32|
79|185|33|
112|185|34|
109|185|35|
112|185|36|
96|185|39|
119|185|40|
125|185|41|
141|185|43|
128|185|44|
143|185|46|
70|185|47|
112|185|48|
107|185|49|
100|185|50|
138|185|51|
101|185|52|
107|185|56|
117|185|58|
133|185|59|
157|185|60|
111|185|61|
107|185|62|
154|185|64|
80|185|65|
158|185|66|
95|185|67|
99|185|68|
108|185|69|
106|185|70|
111|185|71|
85|185|72|
96|185|74|
154|185|75|
142|185|76|
97|185|77|
109|185|78|
122|185|79|
149|185|80|
161|185|81|
149|185|82|
153|185|83|
114|185|84|
129|185|85|
119|185|86|
98|185|88|
120|185|89|
131|185|90|
86|185|92|
132|185|94|
104|185|95|
110|185|96|
107|185|101|
94|185|102|
120|185|103|
104|185|104|
94|185|105|
138|185|106|
111|185|108|
121|185|109|
139|185|110|
100|185|114|
129|185|116|
82|185|117|
75|185|118|
95|185|119|
87|185|121|
140|185|122|
136|185|123|
97|185|124|
95|185|125|
84|185|126|
93|185|127|
144|185|129|
98|185|131|
111|185|134|
117|185|136|
93|185|137|
95|185|138|
151|185|139|
135|185|140|
136|185|142|
104|185|144|
121|185|145|
94|185|147|
121|185|148|
109|185|149|
89|185|152|
101|185|156|
130|185|158|
133|185|159|
140|185|161|
104|185|162|
118|185|163|
109|185|164|
109|185|165|
90|185|166|
118|185|167|
134|185|168|
153|185|169|
102|185|172|
93|185|173|
95|185|174|
92|185|175|
130|185|177|
138|185|178|
163|185|179|
94|185|182|
156|185|184|
143|185|185|
152|185|186|
119|185|187|
125|185|189|
118|185|190|
90|185|191|
93|185|192|
91|185|193|
94|185|194|
108|186|0|
121|186|1|
118|186|2|
74|186|4|
99|186|5|
136|186|6|
138|186|8|
154|186|9|
123|186|11|
93|186|13|
138|186|14|
110|186|17|
89|186|18|
89|186|20|
98|186|22|
120|186|23|
122|186|24|
165|186|25|
92|186|26|
80|186|28|
97|186|29|
139|186|30|
107|186|31|
85|186|32|
73|186|33|
112|186|34|
109|186|35|
112|186|36|
95|186|39|
119|186|40|
125|186|41|
138|186|43|
123|186|44|
141|186|46|
72|186|47|
122|186|48|
107|186|49|
104|186|50|
138|186|51|
98|186|52|
109|186|56|
113|186|58|
133|186|59|
156|186|60|
111|186|61|
115|186|62|
153|186|64|
83|186|65|
150|186|66|
96|186|67|
106|186|68|
110|186|69|
101|186|70|
112|186|71|
85|186|72|
97|186|74|
155|186|75|
148|186|76|
97|186|77|
110|186|78|
122|186|79|
154|186|80|
162|186|81|
151|186|82|
157|186|83|
115|186|84|
129|186|85|
117|186|86|
100|186|88|
117|186|89|
133|186|90|
87|186|92|
133|186|94|
104|186|95|
112|186|96|
107|186|101|
91|186|102|
120|186|103|
106|186|104|
99|186|105|
132|186|106|
111|186|108|
124|186|109|
138|186|110|
104|186|114|
134|186|116|
76|186|117|
74|186|118|
94|186|119|
85|186|121|
141|186|122|
142|186|123|
99|186|124|
94|186|125|
90|186|126|
98|186|127|
146|186|129|
98|186|131|
113|186|134|
113|186|136|
100|186|137|
95|186|138|
154|186|139|
142|186|140|
132|186|142|
97|186|144|
116|186|145|
87|186|147|
116|186|148|
104|186|149|
89|186|152|
100|186|156|
127|186|158|
135|186|159|
139|186|161|
103|186|162|
118|186|163|
111|186|164|
108|186|165|
92|186|166|
112|186|167|
134|186|168|
154|186|169|
102|186|172|
94|186|173|
95|186|174|
83|186|175|
136|186|177|
141|186|178|
163|186|179|
94|186|182|
154|186|184|
144|186|185|
151|186|186|
116|186|187|
121|186|189|
108|186|190|
93|186|191|
96|186|192|
92|186|193|
93|186|194|
123|187|0|
112|187|1|
118|187|2|
73|187|4|
102|187|5|
139|187|6|
140|187|8|
154|187|9|
123|187|11|
96|187|13|
140|187|14|
114|187|17|
82|187|18|
89|187|20|
98|187|22|
121|187|23|
120|187|24|
165|187|25|
91|187|26|
85|187|28|
91|187|29|
141|187|30|
116|187|31|
84|187|32|
71|187|33|
112|187|34|
110|187|35|
116|187|36|
97|187|39|
120|187|40|
120|187|41|
138|187|43|
122|187|44|
145|187|46|
70|187|47|
128|187|48|
103|187|49|
103|187|50|
141|187|51|
98|187|52|
109|187|56|
112|187|58|
132|187|59|
159|187|60|
109|187|61|
112|187|62|
152|187|64|
87|187|65|
156|187|66|
106|187|67|
105|187|68|
110|187|69|
102|187|70|
113|187|71|
81|187|72|
98|187|74|
162|187|75|
144|187|76|
98|187|77|
112|187|78|
125|187|79|
155|187|80|
161|187|81|
155|187|82|
158|187|83|
118|187|84|
130|187|85|
120|187|86|
96|187|88|
116|187|89|
135|187|90|
88|187|92|
135|187|94|
103|187|95|
112|187|96|
103|187|101|
90|187|102|
117|187|103|
102|187|104|
99|187|105|
137|187|106|
113|187|108|
124|187|109|
133|187|110|
101|187|114|
134|187|116|
79|187|117|
73|187|118|
96|187|119|
93|187|121|
142|187|122|
142|187|123|
96|187|124|
96|187|125|
89|187|126|
98|187|127|
149|187|129|
101|187|131|
101|187|134|
114|187|136|
101|187|137|
96|187|138|
155|187|139|
149|187|140|
130|187|142|
94|187|144|
120|187|145|
86|187|147|
115|187|148|
94|187|149|
90|187|152|
100|187|156|
132|187|158|
138|187|159|
142|187|161|
100|187|162|
120|187|163|
112|187|164|
108|187|165|
89|187|166|
114|187|167|
130|187|168|
155|187|169|
102|187|172|
93|187|173|
94|187|174|
79|187|175|
132|187|177|
140|187|178|
165|187|179|
96|187|182|
158|187|184|
145|187|185|
155|187|186|
117|187|187|
120|187|189|
116|187|190|
90|187|191|
97|187|192|
91|187|193|
91|187|194|
113|188|0|
116|188|1|
121|188|2|
72|188|4|
106|188|5|
135|188|6|
140|188|8|
154|188|9|
125|188|11|
95|188|13|
138|188|14|
112|188|17|
87|188|18|
88|188|20|
99|188|22|
121|188|23|
127|188|24|
166|188|25|
91|188|26|
87|188|28|
89|188|29|
136|188|30|
120|188|31|
84|188|32|
79|188|33|
111|188|34|
109|188|35|
114|188|36|
96|188|39|
121|188|40|
120|188|41|
134|188|43|
118|188|44|
146|188|46|
72|188|47|
132|188|48|
100|188|49|
105|188|50|
141|188|51|
100|188|52|
109|188|56|
115|188|58|
139|188|59|
160|188|60|
112|188|61|
111|188|62|
153|188|64|
86|188|65|
159|188|66|
108|188|67|
106|188|68|
113|188|69|
99|188|70|
110|188|71|
78|188|72|
101|188|74|
159|188|75|
140|188|76|
103|188|77|
116|188|78|
122|188|79|
155|188|80|
161|188|81|
151|188|82|
159|188|83|
114|188|84|
132|188|85|
120|188|86|
93|188|88|
116|188|89|
136|188|90|
85|188|92|
141|188|94|
103|188|95|
116|188|96|
98|188|101|
90|188|102|
118|188|103|
103|188|104|
106|188|105|
141|188|106|
113|188|108|
124|188|109|
135|188|110|
103|188|114|
137|188|116|
82|188|117|
71|188|118|
95|188|119|
101|188|121|
145|188|122|
140|188|123|
95|188|124|
97|188|125|
91|188|126|
96|188|127|
140|188|129|
98|188|131|
98|188|134|
112|188|136|
101|188|137|
96|188|138|
156|188|139|
150|188|140|
131|188|142|
87|188|144|
121|188|145|
89|188|147|
126|188|148|
95|188|149|
88|188|152|
100|188|156|
129|188|158|
139|188|159|
144|188|161|
101|188|162|
122|188|163|
108|188|164|
107|188|165|
92|188|166|
112|188|167|
133|188|168|
155|188|169|
100|188|172|
94|188|173|
94|188|174|
87|188|175|
125|188|177|
142|188|178|
167|188|179|
99|188|182|
152|188|184|
146|188|185|
156|188|186|
116|188|187|
116|188|189|
124|188|190|
89|188|191|
101|188|192|
93|188|193|
92|188|194|
111|189|0|
116|189|1|
124|189|2|
72|189|4|
112|189|5|
133|189|6|
141|189|8|
156|189|9|
125|189|11|
94|189|13|
141|189|14|
110|189|17|
95|189|18|
91|189|20|
95|189|22|
123|189|23|
129|189|24|
163|189|25|
94|189|26|
85|189|28|
91|189|29|
137|189|30|
111|189|31|
85|189|32|
75|189|33|
112|189|34|
108|189|35|
116|189|36|
94|189|39|
122|189|40|
117|189|41|
135|189|43|
120|189|44|
143|189|46|
69|189|47|
134|189|48|
102|189|49|
103|189|50|
140|189|51|
102|189|52|
110|189|56|
116|189|58|
145|189|59|
160|189|60|
111|189|61|
108|189|62|
153|189|64|
87|189|65|
163|189|66|
110|189|67|
100|189|68|
112|189|69|
98|189|70|
108|189|71|
76|189|72|
103|189|74|
157|189|75|
142|189|76|
107|189|77|
117|189|78|
129|189|79|
155|189|80|
161|189|81|
150|189|82|
160|189|83|
117|189|84|
134|189|85|
119|189|86|
95|189|88|
114|189|89|
138|189|90|
87|189|92|
145|189|94|
105|189|95|
117|189|96|
98|189|101|
87|189|102|
118|189|103|
109|189|104|
106|189|105|
143|189|106|
115|189|108|
124|189|109|
134|189|110|
101|189|114|
134|189|116|
78|189|117|
66|189|118|
92|189|119|
104|189|121|
142|189|122|
138|189|123|
94|189|124|
97|189|125|
94|189|126|
100|189|127|
143|189|129|
107|189|131|
98|189|134|
114|189|136|
96|189|137|
99|189|138|
157|189|139|
151|189|140|
131|189|142|
88|189|144|
118|189|145|
96|189|147|
124|189|148|
94|189|149|
89|189|152|
98|189|156|
127|189|158|
138|189|159|
146|189|161|
99|189|162|
118|189|163|
110|189|164|
104|189|165|
88|189|166|
111|189|167|
134|189|168|
154|189|169|
102|189|172|
93|189|173|
94|189|174|
89|189|175|
120|189|177|
142|189|178|
167|189|179|
104|189|182|
152|189|184|
145|189|185|
154|189|186|
112|189|187|
113|189|189|
103|189|190|
89|189|191|
99|189|192|
93|189|193|
92|189|194|
104|190|0|
116|190|1|
124|190|2|
74|190|4|
111|190|5|
131|190|6|
143|190|8|
158|190|9|
122|190|11|
95|190|13|
140|190|14|
112|190|17|
96|190|18|
87|190|20|
100|190|22|
122|190|23|
126|190|24|
141|190|25|
99|190|26|
87|190|28|
91|190|29|
136|190|30|
107|190|31|
85|190|32|
74|190|33|
116|190|34|
112|190|35|
115|190|36|
90|190|39|
123|190|40|
116|190|41|
131|190|43|
121|190|44|
142|190|46|
72|190|47|
133|190|48|
93|190|49|
102|190|50|
143|190|51|
104|190|52|
105|190|56|
120|190|58|
141|190|59|
158|190|60|
106|190|61|
113|190|62|
147|190|64|
78|190|65|
159|190|66|
112|190|67|
106|190|68|
109|190|69|
101|190|70|
106|190|71|
79|190|72|
104|190|74|
152|190|75|
138|190|76|
99|190|77|
105|190|78|
129|190|79|
146|190|80|
163|190|81|
153|190|82|
161|190|83|
119|190|84|
133|190|85|
125|190|86|
92|190|88|
118|190|89|
104|190|90|
91|190|92|
145|190|94|
105|190|95|
97|190|96|
98|190|101|
86|190|102|
119|190|103|
103|190|104|
108|190|105|
136|190|106|
112|190|108|
125|190|109|
134|190|110|
102|190|114|
139|190|116|
81|190|117|
76|190|118|
93|190|119|
98|190|121|
147|190|122|
147|190|123|
78|190|124|
103|190|125|
98|190|126|
107|190|127|
142|190|129|
105|190|130|
105|190|131|
101|190|134|
109|190|136|
91|190|137|
102|190|138|
151|190|139|
153|190|140|
141|190|142|
82|190|144|
116|190|145|
99|190|147|
129|190|148|
101|190|149|
88|190|152|
95|190|156|
127|190|158|
133|190|159|
147|190|161|
98|190|162|
112|190|163|
112|190|164|
105|190|165|
87|190|166|
110|190|167|
134|190|168|
155|190|169|
98|190|172|
98|190|173|
82|190|174|
94|190|175|
118|190|177|
142|190|178|
170|190|179|
105|190|182|
138|190|184|
146|190|185|
157|190|186|
114|190|187|
116|190|189|
106|190|190|
85|190|191|
92|190|192|
94|190|193|
90|190|194|
92|191|0|
116|191|1|
123|191|2|
72|191|4|
114|191|5|
135|191|6|
140|191|8|
160|191|9|
117|191|11|
95|191|13|
135|191|14|
113|191|17|
99|191|18|
91|191|20|
100|191|22|
125|191|23|
121|191|24|
137|191|25|
100|191|26|
90|191|28|
91|191|29|
137|191|30|
102|191|31|
86|191|32|
81|191|33|
117|191|34|
109|191|35|
116|191|36|
90|191|39|
123|191|40|
116|191|41|
123|191|43|
123|191|44|
145|191|46|
68|191|47|
130|191|48|
96|191|49|
98|191|50|
143|191|51|
108|191|52|
103|191|56|
122|191|58|
140|191|59|
159|191|60|
115|191|61|
115|191|62|
149|191|64|
94|191|65|
159|191|66|
111|191|67|
104|191|68|
109|191|69|
104|191|70|
107|191|71|
79|191|72|
103|191|74|
144|191|75|
140|191|76|
103|191|77|
106|191|78|
132|191|79|
106|191|80|
161|191|81|
154|191|82|
164|191|83|
116|191|84|
132|191|85|
127|191|86|
91|191|88|
122|191|89|
85|191|90|
89|191|92|
147|191|94|
107|191|95|
106|191|96|
94|191|101|
86|191|102|
119|191|103|
107|191|104|
107|191|105|
142|191|106|
113|191|108|
125|191|109|
134|191|110|
98|191|114|
138|191|116|
77|191|117|
76|191|118|
93|191|119|
100|191|121|
150|191|122|
144|191|123|
81|191|124|
94|191|125|
105|191|126|
107|191|127|
145|191|129|
105|191|130|
100|191|131|
99|191|134|
107|191|136|
98|191|137|
99|191|138|
148|191|139|
154|191|140|
131|191|142|
88|191|144|
116|191|145|
100|191|147|
129|191|148|
101|191|149|
89|191|152|
98|191|156|
127|191|158|
133|191|159|
153|191|161|
98|191|162|
113|191|163|
116|191|164|
107|191|165|
92|191|166|
115|191|167|
132|191|168|
151|191|169|
100|191|172|
102|191|173|
87|191|174|
87|191|175|
120|191|177|
140|191|178|
167|191|179|
102|191|182|
138|191|184|
144|191|185|
158|191|186|
121|191|187|
115|191|189|
109|191|190|
84|191|191|
91|191|192|
90|191|193|
88|191|194|
85|192|0|
119|192|1|
129|192|2|
73|192|4|
114|192|5|
138|192|6|
98|192|7|
140|192|8|
160|192|9|
104|192|10|
112|192|11|
95|192|13|
134|192|14|
139|192|15|
122|192|17|
96|192|18|
91|192|20|
106|192|21|
99|192|22|
125|192|23|
127|192|24|
136|192|25|
103|192|26|
92|192|28|
95|192|29|
139|192|30|
113|192|31|
85|192|32|
82|192|33|
122|192|34|
111|192|35|
119|192|36|
90|192|39|
122|192|40|
116|192|41|
104|192|42|
112|192|43|
125|192|44|
150|192|46|
68|192|47|
129|192|48|
96|192|49|
104|192|50|
143|192|51|
108|192|52|
113|192|55|
104|192|56|
123|192|58|
143|192|59|
160|192|60|
112|192|61|
112|192|62|
87|192|63|
152|192|64|
95|192|65|
162|192|66|
111|192|67|
103|192|68|
110|192|69|
107|192|70|
108|192|71|
77|192|72|
104|192|74|
147|192|75|
140|192|76|
105|192|77|
109|192|78|
136|192|79|
101|192|80|
163|192|81|
155|192|82|
159|192|83|
118|192|84|
132|192|85|
123|192|86|
132|192|87|
87|192|88|
122|192|89|
100|192|90|
120|192|91|
88|192|92|
147|192|93|
146|192|94|
107|192|95|
103|192|96|
134|192|99|
94|192|101|
81|192|102|
125|192|103|
106|192|104|
106|192|105|
141|192|106|
114|192|108|
126|192|109|
135|192|110|
112|192|112|
83|192|114|
130|192|116|
76|192|117|
76|192|118|
91|192|119|
100|192|121|
149|192|122|
143|192|123|
80|192|124|
93|192|125|
109|192|126|
100|192|127|
106|192|128|
145|192|129|
108|192|130|
104|192|131|
103|192|134|
107|192|136|
96|192|137|
101|192|138|
151|192|139|
153|192|140|
128|192|142|
131|192|143|
85|192|144|
110|192|145|
98|192|147|
125|192|148|
95|192|149|
91|192|152|
116|192|155|
98|192|156|
126|192|158|
135|192|159|
153|192|161|
97|192|162|
113|192|163|
121|192|164|
106|192|165|
91|192|166|
113|192|167|
137|192|168|
154|192|169|
92|192|171|
96|192|172|
102|192|173|
89|192|174|
85|192|175|
116|192|177|
141|192|178|
167|192|179|
115|192|180|
100|192|182|
152|192|183|
144|192|184|
147|192|185|
160|192|186|
124|192|187|
122|192|188|
115|192|189|
113|192|190|
86|192|191|
95|192|192|
89|192|193|
88|192|194|
86|193|0|
126|193|1|
129|193|2|
70|193|4|
107|193|5|
140|193|6|
94|193|7|
137|193|8|
158|193|9|
101|193|10|
109|193|11|
90|193|13|
131|193|14|
143|193|15|
121|193|17|
97|193|18|
90|193|20|
110|193|21|
93|193|22|
125|193|23|
126|193|24|
133|193|25|
104|193|26|
91|193|28|
91|193|29|
140|193|30|
110|193|31|
85|193|32|
74|193|33|
122|193|34|
114|193|35|
120|193|36|
90|193|39|
124|193|40|
113|193|41|
101|193|42|
104|193|43|
126|193|44|
137|193|45|
150|193|46|
71|193|47|
129|193|48|
100|193|49|
104|193|50|
144|193|51|
107|193|52|
116|193|55|
103|193|56|
68|193|57|
128|193|58|
137|193|59|
159|193|60|
114|193|61|
111|193|62|
86|193|63|
144|193|64|
103|193|65|
160|193|66|
112|193|67|
105|193|68|
109|193|69|
104|193|70|
111|193|71|
77|193|72|
105|193|74|
139|193|75|
139|193|76|
102|193|77|
109|193|78|
140|193|79|
102|193|80|
159|193|81|
153|193|82|
156|193|83|
122|193|84|
132|193|85|
123|193|86|
133|193|87|
85|193|88|
125|193|89|
112|193|90|
108|193|91|
88|193|92|
147|193|93|
146|193|94|
107|193|95|
95|193|96|
127|193|99|
94|193|101|
85|193|102|
126|193|103|
109|193|104|
106|193|105|
140|193|106|
117|193|108|
125|193|109|
135|193|110|
112|193|112|
83|193|114|
129|193|116|
76|193|117|
78|193|118|
90|193|119|
98|193|121|
149|193|122|
145|193|123|
83|193|124|
92|193|125|
113|193|126|
103|193|127|
104|193|128|
145|193|129|
104|193|130|
106|193|131|
105|193|134|
110|193|136|
97|193|137|
99|193|138|
154|193|139|
156|193|140|
135|193|142|
134|193|143|
87|193|144|
105|193|145|
98|193|147|
123|193|148|
100|193|149|
92|193|152|
125|193|154|
125|193|155|
97|193|156|
128|193|158|
133|193|159|
149|193|161|
94|193|162|
108|193|163|
120|193|164|
111|193|165|
94|193|166|
114|193|167|
141|193|168|
151|193|169|
93|193|171|
94|193|172|
102|193|173|
91|193|174|
88|193|175|
115|193|177|
142|193|178|
168|193|179|
116|193|180|
101|193|182|
146|193|183|
145|193|184|
145|193|185|
162|193|186|
124|193|187|
122|193|188|
113|193|189|
108|193|190|
91|193|191|
94|193|192|
89|193|193|
87|193|194|
82|194|0|
129|194|1|
124|194|2|
74|194|4|
102|194|5|
142|194|6|
98|194|7|
137|194|8|
160|194|9|
97|194|10|
109|194|11|
90|194|13|
130|194|14|
140|194|15|
119|194|17|
98|194|18|
88|194|20|
119|194|21|
98|194|22|
127|194|23|
130|194|24|
129|194|25|
105|194|26|
92|194|28|
91|194|29|
144|194|30|
110|194|31|
85|194|32|
89|194|33|
123|194|34|
117|194|35|
122|194|36|
89|194|39|
123|194|40|
114|194|41|
107|194|42|
106|194|43|
126|194|44|
134|194|45|
149|194|46|
72|194|47|
129|194|48|
101|194|49|
108|194|50|
147|194|51|
107|194|52|
121|194|55|
103|194|56|
69|194|57|
126|194|58|
134|194|59|
158|194|60|
111|194|61|
107|194|62|
88|194|63|
144|194|64|
104|194|65|
161|194|66|
110|194|67|
106|194|68|
108|194|69|
105|194|70|
114|194|71|
76|194|72|
106|194|74|
136|194|75|
140|194|76|
103|194|77|
111|194|78|
138|194|79|
100|194|80|
161|194|81|
151|194|82|
157|194|83|
122|194|84|
132|194|85|
118|194|86|
132|194|87|
93|194|88|
120|194|89|
132|194|90|
109|194|91|
89|194|92|
143|194|93|
147|194|94|
108|194|95|
93|194|96|
125|194|99|
91|194|101|
85|194|102|
128|194|103|
113|194|104|
105|194|105|
142|194|106|
114|194|108|
127|194|109|
135|194|110|
110|194|112|
83|194|114|
135|194|116|
76|194|117|
77|194|118|
90|194|119|
101|194|121|
146|194|122|
143|194|123|
87|194|124|
89|194|125|
112|194|126|
101|194|127|
121|194|128|
147|194|129|
108|194|130|
108|194|131|
105|194|134|
115|194|136|
99|194|137|
104|194|138|
148|194|139|
157|194|140|
132|194|142|
131|194|143|
84|194|144|
108|194|145|
100|194|147|
121|194|148|
97|194|149|
95|194|152|
134|194|154|
128|194|155|
103|194|156|
127|194|158|
134|194|159|
148|194|161|
103|194|162|
109|194|163|
123|194|164|
105|194|165|
96|194|166|
113|194|167|
139|194|168|
150|194|169|
91|194|171|
94|194|172|
106|194|173|
90|194|174|
92|194|175|
115|194|177|
140|194|178|
168|194|179|
115|194|180|
100|194|182|
134|194|183|
149|194|184|
146|194|185|
165|194|186|
125|194|187|
121|194|188|
114|194|189|
107|194|190|
93|194|191|
92|194|192|
91|194|193|
87|194|194|
83|195|0|
122|195|1|
125|195|2|
76|195|4|
98|195|5|
142|195|6|
102|195|7|
139|195|8|
158|195|9|
96|195|10|
114|195|11|
92|195|13|
129|195|14|
144|195|15|
121|195|17|
99|195|18|
95|195|20|
119|195|21|
98|195|22|
126|195|23|
128|195|24|
130|195|25|
105|195|26|
92|195|28|
92|195|29|
144|195|30|
103|195|31|
85|195|32|
81|195|33|
124|195|34|
121|195|35|
125|195|36|
89|195|39|
125|195|40|
116|195|41|
115|195|42|
104|195|43|
127|195|44|
144|195|45|
153|195|46|
77|195|47|
132|195|48|
102|195|49|
104|195|50|
149|195|51|
107|195|52|
131|195|55|
99|195|56|
71|195|57|
123|195|58|
136|195|59|
159|195|60|
115|195|61|
107|195|62|
107|195|63|
146|195|64|
106|195|65|
158|195|66|
108|195|67|
103|195|68|
107|195|69|
105|195|70|
116|195|71|
79|195|72|
107|195|74|
133|195|75|
140|195|76|
104|195|77|
115|195|78|
137|195|79|
99|195|80|
158|195|81|
156|195|82|
158|195|83|
120|195|84|
131|195|85|
121|195|86|
129|195|87|
93|195|88|
126|195|89|
144|195|90|
107|195|91|
89|195|92|
138|195|93|
148|195|94|
103|195|95|
89|195|96|
127|195|99|
91|195|101|
90|195|102|
131|195|103|
109|195|104|
105|195|105|
147|195|106|
116|195|108|
130|195|109|
134|195|110|
112|195|112|
91|195|114|
133|195|116|
83|195|117|
80|195|118|
91|195|119|
101|195|121|
151|195|122|
144|195|123|
88|195|124|
93|195|125|
115|195|126|
94|195|127|
116|195|128|
145|195|129|
106|195|130|
107|195|131|
100|195|134|
114|195|136|
99|195|137|
103|195|138|
149|195|139|
156|195|140|
136|195|142|
130|195|143|
81|195|144|
111|195|145|
95|195|147|
128|195|148|
98|195|149|
96|195|152|
128|195|154|
131|195|155|
107|195|156|
126|195|158|
136|195|159|
145|195|161|
100|195|162|
112|195|163|
120|195|164|
105|195|165|
98|195|166|
115|195|167|
139|195|168|
149|195|169|
89|195|171|
91|195|172|
109|195|173|
91|195|174|
92|195|175|
117|195|177|
140|195|178|
167|195|179|
114|195|180|
101|195|182|
129|195|183|
147|195|184|
143|195|185|
161|195|186|
120|195|187|
120|195|188|
114|195|189|
109|195|190|
91|195|191|
92|195|192|
92|195|193|
87|195|194|
83|196|0|
128|196|1|
125|196|2|
78|196|4|
98|196|5|
142|196|6|
104|196|7|
138|196|8|
160|196|9|
100|196|10|
114|196|11|
92|196|13|
130|196|14|
147|196|15|
119|196|17|
101|196|18|
92|196|20|
129|196|21|
99|196|22|
128|196|23|
131|196|24|
123|196|25|
105|196|26|
85|196|28|
91|196|29|
146|196|30|
104|196|31|
85|196|32|
82|196|33|
125|196|34|
121|196|35|
124|196|36|
89|196|39|
122|196|40|
117|196|41|
115|196|42|
110|196|43|
122|196|44|
149|196|45|
148|196|46|
76|196|47|
130|196|48|
98|196|49|
103|196|50|
150|196|51|
108|196|52|
138|196|55|
100|196|56|
75|196|57|
127|196|58|
136|196|59|
158|196|60|
118|196|61|
107|196|62|
114|196|63|
148|196|64|
107|196|65|
158|196|66|
107|196|67|
101|196|68|
106|196|69|
101|196|70|
116|196|71|
81|196|72|
108|196|74|
132|196|75|
136|196|76|
105|196|77|
115|196|78|
137|196|79|
98|196|80|
162|196|81|
157|196|82|
160|196|83|
122|196|84|
133|196|85|
120|196|86|
129|196|87|
92|196|88|
124|196|89|
147|196|90|
112|196|91|
91|196|92|
135|196|93|
148|196|94|
106|196|95|
89|196|96|
135|196|99|
91|196|101|
91|196|102|
131|196|103|
109|196|104|
107|196|105|
148|196|106|
117|196|108|
129|196|109|
134|196|110|
110|196|112|
92|196|114|
139|196|116|
87|196|117|
80|196|118|
92|196|119|
100|196|121|
152|196|122|
144|196|123|
89|196|124|
94|196|125|
115|196|126|
94|196|127|
116|196|128|
149|196|129|
108|196|130|
108|196|131|
101|196|134|
115|196|136|
102|196|137|
106|196|138|
150|196|139|
158|196|140|
138|196|142|
125|196|143|
80|196|144|
112|196|145|
98|196|147|
131|196|148|
95|196|149|
98|196|152|
131|196|154|
137|196|155|
104|196|156|
126|196|158|
138|196|159|
151|196|161|
101|196|162|
113|196|163|
120|196|164|
105|196|165|
97|196|166|
116|196|167|
137|196|168|
150|196|169|
87|196|171|
92|196|172|
115|196|173|
85|196|174|
95|196|175|
119|196|177|
144|196|178|
166|196|179|
113|196|180|
96|196|182|
126|196|183|
146|196|184|
147|196|185|
161|196|186|
127|196|187|
116|196|188|
118|196|189|
107|196|190|
91|196|191|
91|196|192|
91|196|193|
89|196|194|
84|197|0|
122|197|1|
123|197|2|
78|197|4|
97|197|5|
141|197|6|
105|197|7|
139|197|8|
157|197|9|
91|197|10|
119|197|11|
94|197|13|
134|197|14|
147|197|15|
120|197|17|
101|197|18|
93|197|20|
139|197|21|
97|197|22|
128|197|23|
127|197|24|
120|197|25|
104|197|26|
85|197|28|
94|197|29|
152|197|30|
105|197|31|
86|197|32|
85|197|33|
125|197|34|
122|197|35|
125|197|36|
89|197|39|
122|197|40|
120|197|41|
114|197|42|
115|197|43|
122|197|44|
146|197|45|
151|197|46|
79|197|47|
132|197|48|
97|197|49|
105|197|50|
151|197|51|
109|197|52|
135|197|55|
97|197|56|
76|197|57|
128|197|58|
142|197|59|
160|197|60|
118|197|61|
112|197|62|
119|197|63|
143|197|64|
108|197|65|
158|197|66|
108|197|67|
96|197|68|
103|197|69|
98|197|70|
120|197|71|
83|197|72|
108|197|74|
135|197|75|
140|197|76|
107|197|77|
112|197|78|
139|197|79|
94|197|80|
165|197|81|
158|197|82|
161|197|83|
121|197|84|
132|197|85|
124|197|86|
129|197|87|
91|197|88|
125|197|89|
150|197|90|
119|197|91|
92|197|92|
131|197|93|
152|197|94|
108|197|95|
98|197|96|
143|197|99|
91|197|101|
93|197|102|
131|197|103|
108|197|104|
106|197|105|
148|197|106|
118|197|108|
127|197|109|
134|197|110|
111|197|112|
91|197|114|
139|197|116|
89|197|117|
83|197|118|
94|197|119|
102|197|121|
147|197|122|
145|197|123|
88|197|124|
98|197|125|
117|197|126|
96|197|127|
125|197|128|
150|197|129|
106|197|130|
108|197|131|
98|197|134|
117|197|136|
104|197|137|
105|197|138|
149|197|139|
152|197|140|
137|197|142|
129|197|143|
77|197|144|
115|197|145|
98|197|147|
134|197|148|
95|197|149|
99|197|152|
130|197|154|
132|197|155|
108|197|156|
127|197|158|
138|197|159|
148|197|161|
102|197|162|
109|197|163|
123|197|164|
104|197|165|
97|197|166|
114|197|167|
139|197|168|
149|197|169|
86|197|171|
90|197|172|
114|197|173|
86|197|174|
97|197|175|
118|197|177|
146|197|178|
162|197|179|
114|197|180|
97|197|182|
128|197|183|
147|197|184|
150|197|185|
164|197|186|
126|197|187|
114|197|188|
120|197|189|
103|197|190|
89|197|191|
92|197|192|
89|197|193|
90|197|194|
85|198|0|
122|198|1|
125|198|2|
79|198|4|
97|198|5|
142|198|6|
104|198|7|
136|198|8|
162|198|9|
95|198|10|
117|198|11|
97|198|13|
126|198|14|
145|198|15|
119|198|17|
101|198|18|
88|198|20|
136|198|21|
94|198|22|
128|198|23|
128|198|24|
127|198|25|
103|198|26|
89|198|28|
94|198|29|
156|198|30|
105|198|31|
89|198|32|
92|198|33|
126|198|34|
125|198|35|
123|198|36|
92|198|39|
124|198|40|
119|198|41|
113|198|42|
119|198|43|
123|198|44|
147|198|45|
153|198|46|
84|198|47|
131|198|48|
96|198|49|
101|198|50|
150|198|51|
109|198|52|
133|198|55|
98|198|56|
76|198|57|
127|198|58|
143|198|59|
161|198|60|
120|198|61|
106|198|62|
117|198|63|
147|198|64|
109|198|65|
159|198|66|
104|198|67|
97|198|68|
102|198|69|
97|198|70|
120|198|71|
86|198|72|
108|198|74|
135|198|75|
140|198|76|
106|198|77|
112|198|78|
139|198|79|
95|198|80|
165|198|81|
157|198|82|
165|198|83|
122|198|84|
130|198|85|
123|198|86|
123|198|87|
92|198|88|
128|198|89|
151|198|90|
112|198|91|
92|198|92|
128|198|93|
152|198|94|
109|198|95|
96|198|96|
143|198|99|
90|198|101|
95|198|102|
130|198|103|
109|198|104|
109|198|105|
151|198|106|
120|198|108|
129|198|109|
134|198|110|
111|198|112|
94|198|114|
142|198|116|
89|198|117|
83|198|118|
93|198|119|
101|198|121|
151|198|122|
144|198|123|
93|198|124|
98|198|125|
118|198|126|
95|198|127|
129|198|128|
153|198|129|
114|198|130|
107|198|131|
107|198|134|
117|198|136|
102|198|137|
103|198|138|
152|198|139|
158|198|140|
138|198|142|
129|198|143|
78|198|144|
117|198|145|
100|198|147|
135|198|148|
95|198|149|
97|198|152|
132|198|154|
128|198|155|
107|198|156|
128|198|158|
134|198|159|
150|198|161|
103|198|162|
108|198|163|
120|198|164|
107|198|165|
98|198|166|
115|198|167|
138|198|168|
150|198|169|
87|198|171|
94|198|172|
117|198|173|
81|198|174|
95|198|175|
120|198|177|
148|198|178|
165|198|179|
115|198|180|
102|198|182|
127|198|183|
149|198|184|
151|198|185|
165|198|186|
127|198|187|
112|198|188|
122|198|189|
106|198|190|
95|198|191|
93|198|192|
87|198|193|
90|198|194|
83|199|0|
126|199|1|
128|199|2|
81|199|4|
97|199|5|
147|199|6|
103|199|7|
135|199|8|
165|199|9|
98|199|10|
121|199|11|
102|199|13|
132|199|14|
140|199|15|
119|199|17|
100|199|18|
92|199|20|
132|199|21|
95|199|22|
129|199|23|
126|199|24|
129|199|25|
105|199|26|
92|199|28|
95|199|29|
157|199|30|
105|199|31|
87|199|32|
89|199|33|
126|199|34|
124|199|35|
124|199|36|
94|199|39|
126|199|40|
119|199|41|
114|199|42|
130|199|43|
122|199|44|
140|199|45|
150|199|46|
85|199|47|
132|199|48|
97|199|49|
105|199|50|
151|199|51|
108|199|52|
140|199|55|
102|199|56|
78|199|57|
128|199|58|
143|199|59|
162|199|60|
122|199|61|
113|199|62|
117|199|63|
147|199|64|
111|199|65|
163|199|66|
101|199|67|
96|199|68|
104|199|69|
97|199|70|
120|199|71|
88|199|72|
108|199|74|
135|199|75|
142|199|76|
108|199|77|
111|199|78|
139|199|79|
97|199|80|
166|199|81|
156|199|82|
166|199|83|
122|199|84|
130|199|85|
120|199|86|
123|199|87|
94|199|88|
129|199|89|
153|199|90|
113|199|91|
92|199|92|
128|199|93|
152|199|94|
111|199|95|
94|199|96|
141|199|99|
90|199|101|
98|199|102|
131|199|103|
112|199|104|
110|199|105|
152|199|106|
119|199|108|
129|199|109|
134|199|110|
112|199|112|
96|199|114|
138|199|116|
90|199|117|
83|199|118|
97|199|119|
104|199|121|
147|199|122|
143|199|123|
94|199|124|
100|199|125|
118|199|126|
95|199|127|
125|199|128|
154|199|129|
118|199|130|
109|199|131|
99|199|134|
119|199|136|
102|199|137|
106|199|138|
152|199|139|
160|199|140|
138|199|142|
130|199|143|
78|199|144|
122|199|145|
101|199|147|
138|199|148|
97|199|149|
93|199|152|
129|199|154|
138|199|155|
104|199|156|
128|199|158|
139|199|159|
150|199|161|
107|199|162|
107|199|163|
122|199|164|
111|199|165|
98|199|166|
112|199|167|
140|199|168|
149|199|169|
87|199|171|
93|199|172|
115|199|173|
82|199|174|
97|199|175|
120|199|177|
152|199|178|
163|199|179|
117|199|180|
101|199|182|
125|199|183|
152|199|184|
153|199|185|
165|199|186|
127|199|187|
109|199|188|
122|199|189|
105|199|190|
99|199|191|
94|199|192|
88|199|193|
90|199|194|
80|200|0|
123|200|1|
126|200|2|
80|200|4|
97|200|5|
147|200|6|
101|200|7|
134|200|8|
168|200|9|
103|200|10|
125|200|11|
102|200|13|
126|200|14|
134|200|15|
167|200|16|
121|200|17|
101|200|18|
94|200|20|
126|200|21|
94|200|22|
129|200|23|
126|200|24|
126|200|25|
104|200|26|
95|200|28|
95|200|29|
158|200|30|
106|200|31|
89|200|32|
88|200|33|
127|200|34|
126|200|35|
125|200|36|
98|200|39|
126|200|40|
117|200|41|
115|200|42|
136|200|43|
120|200|44|
138|200|45|
149|200|46|
89|200|47|
138|200|48|
100|200|49|
103|200|50|
152|200|51|
114|200|52|
137|200|55|
106|200|56|
80|200|57|
127|200|58|
142|200|59|
162|200|60|
122|200|61|
116|200|62|
116|200|63|
150|200|64|
113|200|65|
162|200|66|
100|200|67|
97|200|68|
106|200|69|
101|200|70|
123|200|71|
88|200|72|
107|200|74|
143|200|75|
142|200|76|
107|200|77|
110|200|78|
137|200|79|
98|200|80|
168|200|81|
160|200|82|
165|200|83|
123|200|84|
130|200|85|
123|200|86|
126|200|87|
92|200|88|
128|200|89|
155|200|90|
108|200|91|
95|200|92|
125|200|93|
148|200|94|
111|200|95|
95|200|96|
142|200|99|
156|200|100|
90|200|101|
99|200|102|
128|200|103|
110|200|104|
110|200|105|
150|200|106|
118|200|108|
130|200|109|
137|200|110|
112|200|112|
98|200|114|
138|200|116|
89|200|117|
86|200|118|
101|200|119|
102|200|121|
147|200|122|
143|200|123|
96|200|124|
105|200|125|
117|200|126|
97|200|127|
124|200|128|
152|200|129|
116|200|130|
108|200|131|
96|200|134|
116|200|136|
107|200|137|
107|200|138|
154|200|139|
159|200|140|
141|200|142|
129|200|143|
84|200|144|
125|200|145|
107|200|147|
140|200|148|
97|200|149|
89|200|152|
125|200|154|
138|200|155|
106|200|156|
130|200|158|
139|200|159|
151|200|161|
104|200|162|
113|200|163|
122|200|164|
112|200|165|
99|200|166|
114|200|167|
139|200|168|
155|200|169|
88|200|171|
90|200|172|
117|200|173|
84|200|174|
98|200|175|
125|200|177|
146|200|178|
165|200|179|
117|200|180|
102|200|182|
130|200|183|
148|200|184|
151|200|185|
169|200|186|
126|200|187|
107|200|188|
121|200|189|
110|200|190|
101|200|191|
94|200|192|
84|200|193|
89|200|194|
78|201|0|
126|201|1|
130|201|2|
82|201|4|
94|201|5|
144|201|6|
101|201|7|
137|201|8|
168|201|9|
107|201|10|
124|201|11|
105|201|13|
128|201|14|
137|201|15|
169|201|16|
124|201|17|
104|201|18|
94|201|20|
130|201|21|
97|201|22|
130|201|23|
129|201|24|
127|201|25|
105|201|26|
98|201|28|
97|201|29|
157|201|30|
107|201|31|
89|201|32|
91|201|33|
129|201|34|
127|201|35|
127|201|36|
100|201|39|
126|201|40|
118|201|41|
123|201|42|
138|201|43|
119|201|44|
143|201|45|
150|201|46|
89|201|47|
137|201|48|
102|201|49|
100|201|50|
153|201|51|
118|201|52|
137|201|55|
104|201|56|
82|201|57|
129|201|58|
143|201|59|
164|201|60|
121|201|61|
113|201|62|
119|201|63|
151|201|64|
115|201|65|
162|201|66|
103|201|67|
100|201|68|
105|201|69|
103|201|70|
124|201|71|
85|201|72|
110|201|74|
139|201|75|
142|201|76|
105|201|77|
109|201|78|
137|201|79|
101|201|80|
167|201|81|
162|201|82|
165|201|83|
126|201|84|
130|201|85|
128|201|86|
130|201|87|
93|201|88|
129|201|89|
156|201|90|
111|201|91|
94|201|92|
130|201|93|
149|201|94|
112|201|95|
92|201|96|
147|201|99|
156|201|100|
89|201|101|
101|201|102|
127|201|103|
112|201|104|
112|201|105|
150|201|106|
118|201|108|
133|201|109|
138|201|110|
113|201|112|
100|201|114|
140|201|116|
89|201|117|
88|201|118|
102|201|119|
103|201|121|
146|201|122|
140|201|123|
103|201|124|
105|201|125|
117|201|126|
94|201|127|
118|201|128|
154|201|129|
120|201|130|
104|201|131|
102|201|134|
119|201|136|
104|201|137|
107|201|138|
154|201|139|
159|201|140|
146|201|142|
133|201|143|
86|201|144|
127|201|145|
108|201|147|
138|201|148|
98|201|149|
90|201|152|
125|201|154|
138|201|155|
104|201|156|
131|201|158|
138|201|159|
150|201|161|
106|201|162|
114|201|163|
117|201|164|
111|201|165|
101|201|166|
113|201|167|
140|201|168|
152|201|169|
88|201|171|
91|201|172|
116|201|173|
87|201|174|
97|201|175|
127|201|177|
147|201|178|
163|201|179|
118|201|180|
103|201|182|
134|201|183|
149|201|184|
153|201|185|
167|201|186|
129|201|187|
103|201|188|
120|201|189|
113|201|190|
103|201|191|
93|201|192|
83|201|193|
91|201|194|
82|202|0|
129|202|1|
131|202|2|
86|202|4|
93|202|5|
134|202|6|
102|202|7|
138|202|8|
164|202|9|
111|202|10|
122|202|11|
104|202|13|
126|202|14|
134|202|15|
169|202|16|
125|202|17|
108|202|18|
94|202|20|
130|202|21|
95|202|22|
132|202|23|
132|202|24|
125|202|25|
108|202|26|
102|202|28|
99|202|29|
157|202|30|
104|202|31|
90|202|32|
89|202|33|
130|202|34|
127|202|35|
125|202|36|
102|202|39|
124|202|40|
120|202|41|
127|202|42|
142|202|43|
119|202|44|
146|202|45|
152|202|46|
92|202|47|
134|202|48|
103|202|49|
101|202|50|
154|202|51|
119|202|52|
137|202|55|
107|202|56|
83|202|57|
130|202|58|
142|202|59|
165|202|60|
119|202|61|
111|202|62|
124|202|63|
154|202|64|
120|202|65|
164|202|66|
104|202|67|
106|202|68|
106|202|69|
102|202|70|
123|202|71|
85|202|72|
111|202|74|
138|202|75|
144|202|76|
103|202|77|
110|202|78|
136|202|79|
102|202|80|
161|202|81|
166|202|82|
165|202|83|
126|202|84|
128|202|85|
132|202|86|
132|202|87|
91|202|88|
129|202|89|
155|202|90|
112|202|91|
96|202|92|
135|202|93|
147|202|94|
113|202|95|
93|202|96|
147|202|99|
156|202|100|
88|202|101|
98|202|102|
125|202|103|
112|202|104|
112|202|105|
150|202|106|
119|202|108|
133|202|109|
139|202|110|
116|202|112|
100|202|114|
142|202|116|
92|202|117|
90|202|118|
100|202|119|
103|202|121|
146|202|122|
140|202|123|
103|202|124|
104|202|125|
117|202|126|
98|202|127|
122|202|128|
156|202|129|
118|202|130|
102|202|131|
106|202|134|
120|202|136|
105|202|137|
107|202|138|
154|202|139|
159|202|140|
149|202|142|
136|202|143|
94|202|144|
127|202|145|
111|202|147|
136|202|148|
96|202|149|
92|202|152|
126|202|154|
138|202|155|
107|202|156|
131|202|158|
138|202|159|
151|202|161|
105|202|162|
113|202|163|
120|202|164|
120|202|165|
103|202|166|
115|202|167|
141|202|168|
155|202|169|
87|202|171|
95|202|172|
118|202|173|
93|202|174|
97|202|175|
125|202|177|
143|202|178|
162|202|179|
120|202|180|
105|202|182|
137|202|183|
151|202|184|
154|202|185|
170|202|186|
128|202|187|
103|202|188|
121|202|189|
100|202|190|
106|202|191|
94|202|192|
83|202|193|
91|202|194|
85|203|0|
125|203|1|
134|203|2|
89|203|4|
93|203|5|
135|203|6|
109|203|7|
139|203|8|
162|203|9|
115|203|10|
121|203|11|
106|203|13|
128|203|14|
127|203|15|
167|203|16|
126|203|17|
106|203|18|
95|203|20|
127|203|21|
95|203|22|
138|203|23|
134|203|24|
124|203|25|
112|203|26|
102|203|28|
100|203|29|
158|203|30|
108|203|31|
89|203|32|
91|203|33|
130|203|34|
127|203|35|
126|203|36|
101|203|39|
124|203|40|
121|203|41|
129|203|42|
146|203|43|
117|203|44|
149|203|45|
150|203|46|
94|203|47|
135|203|48|
96|203|49|
99|203|50|
152|203|51|
117|203|52|
138|203|55|
110|203|56|
85|203|57|
130|203|58|
142|203|59|
161|203|60|
120|203|61|
111|203|62|
129|203|63|
152|203|64|
120|203|65|
164|203|66|
104|203|67|
105|203|68|
108|203|69|
100|203|70|
122|203|71|
84|203|72|
112|203|74|
138|203|75|
146|203|76|
103|203|77|
111|203|78|
137|203|79|
101|203|80|
161|203|81|
161|203|82|
163|203|83|
126|203|84|
128|203|85|
138|203|86|
134|203|87|
90|203|88|
129|203|89|
157|203|90|
118|203|91|
98|203|92|
137|203|93|
144|203|94|
113|203|95|
92|203|96|
148|203|99|
157|203|100|
89|203|101|
98|203|102|
125|203|103|
108|203|104|
113|203|105|
152|203|106|
122|203|108|
133|203|109|
140|203|110|
115|203|112|
100|203|114|
144|203|116|
94|203|117|
93|203|118|
101|203|119|
105|203|121|
141|203|122|
140|203|123|
104|203|124|
108|203|125|
117|203|126|
98|203|127|
123|203|128|
155|203|129|
118|203|130|
104|203|131|
106|203|134|
123|203|136|
103|203|137|
107|203|138|
154|203|139|
158|203|140|
151|203|142|
138|203|143|
90|203|144|
127|203|145|
113|203|147|
135|203|148|
100|203|149|
91|203|152|
125|203|154|
140|203|155|
108|203|156|
132|203|158|
138|203|159|
148|203|161|
105|203|162|
111|203|163|
119|203|164|
120|203|165|
103|203|166|
115|203|167|
140|203|168|
154|203|169|
88|203|171|
89|203|172|
119|203|173|
93|203|174|
99|203|175|
124|203|177|
146|203|178|
161|203|179|
123|203|180|
107|203|182|
137|203|183|
150|203|184|
153|203|185|
170|203|186|
128|203|187|
106|203|188|
124|203|189|
109|203|190|
109|203|191|
93|203|192|
85|203|193|
90|203|194|
89|204|0|
125|204|1|
134|204|2|
91|204|4|
95|204|5|
136|204|6|
115|204|7|
137|204|8|
162|204|9|
119|204|10|
120|204|11|
107|204|13|
125|204|14|
130|204|15|
167|204|16|
125|204|17|
111|204|18|
92|204|20|
139|204|21|
98|204|22|
138|204|23|
135|204|24|
124|204|25|
112|204|26|
103|204|28|
101|204|29|
158|204|30|
113|204|31|
89|204|32|
91|204|33|
131|204|34|
129|204|35|
125|204|36|
102|204|39|
124|204|40|
123|204|41|
132|204|42|
151|204|43|
117|204|44|
149|204|45|
152|204|46|
96|204|47|
133|204|48|
100|204|49|
100|204|50|
149|204|51|
116|204|52|
138|204|55|
111|204|56|
85|204|57|
130|204|58|
143|204|59|
160|204|60|
120|204|61|
111|204|62|
130|204|63|
153|204|64|
120|204|65|
167|204|66|
107|204|67|
104|204|68|
109|204|69|
102|204|70|
121|204|71|
85|204|72|
112|204|74|
143|204|75|
148|204|76|
102|204|77|
111|204|78|
139|204|79|
107|204|80|
160|204|81|
163|204|82|
163|204|83|
125|204|84|
128|204|85|
140|204|86|
134|204|87|
91|204|88|
128|204|89|
158|204|90|
123|204|91|
99|204|92|
138|204|93|
143|204|94|
114|204|95|
94|204|96|
151|204|99|
157|204|100|
89|204|101|
98|204|102|
127|204|103|
110|204|104|
114|204|105|
152|204|106|
117|204|108|
136|204|109|
139|204|110|
116|204|112|
100|204|114|
147|204|116|
93|204|117|
94|204|118|
102|204|119|
107|204|121|
144|204|122|
142|204|123|
106|204|124|
110|204|125|
120|204|126|
99|204|127|
129|204|128|
156|204|129|
120|204|130|
105|204|131|
101|204|134|
120|204|136|
103|204|137|
111|204|138|
152|204|139|
159|204|140|
151|204|142|
140|204|143|
89|204|144|
129|204|145|
113|204|147|
133|204|148|
101|204|149|
91|204|152|
127|204|154|
142|204|155|
108|204|156|
132|204|158|
139|204|159|
146|204|161|
106|204|162|
111|204|163|
119|204|164|
122|204|165|
102|204|166|
115|204|167|
142|204|168|
153|204|169|
89|204|171|
94|204|172|
119|204|173|
92|204|174|
101|204|175|
125|204|177|
146|204|178|
162|204|179|
126|204|180|
106|204|182|
143|204|183|
147|204|184|
155|204|185|
171|204|186|
127|204|187|
107|204|188|
123|204|189|
112|204|190|
112|204|191|
93|204|192|
84|204|193|
92|204|194|
88|205|0|
129|205|1|
133|205|2|
94|205|4|
105|205|5|
140|205|6|
120|205|7|
139|205|8|
164|205|9|
128|205|10|
119|205|11|
107|205|13|
130|205|14|
134|205|15|
167|205|16|
127|205|17|
110|205|18|
95|205|20|
137|205|21|
99|205|22|
138|205|23|
134|205|24|
122|205|25|
111|205|26|
105|205|28|
104|205|29|
156|205|30|
113|205|31|
91|205|32|
91|205|33|
131|205|34|
129|205|35|
123|205|36|
92|205|39|
126|205|40|
125|205|41|
134|205|42|
146|205|43|
115|205|44|
149|205|45|
153|205|46|
102|205|47|
131|205|48|
105|205|49|
101|205|50|
152|205|51|
116|205|52|
143|205|55|
107|205|56|
89|205|57|
132|205|58|
144|205|59|
159|205|60|
122|205|61|
110|205|62|
134|205|63|
155|205|64|
124|205|65|
161|205|66|
107|205|67|
107|205|68|
110|205|69|
102|205|70|
121|205|71|
85|205|72|
112|205|74|
147|205|75|
149|205|76|
102|205|77|
111|205|78|
138|205|79|
106|205|80|
156|205|81|
163|205|82|
160|205|83|
126|205|84|
127|205|85|
140|205|86|
136|205|87|
97|205|88|
132|205|89|
161|205|90|
124|205|91|
102|205|92|
141|205|93|
140|205|94|
116|205|95|
97|205|96|
156|205|99|
157|205|100|
93|205|101|
98|205|102|
125|205|103|
111|205|104|
116|205|105|
152|205|106|
118|205|108|
135|205|109|
138|205|110|
118|205|112|
101|205|114|
144|205|116|
92|205|117|
96|205|118|
101|205|119|
108|205|121|
145|205|122|
143|205|123|
108|205|124|
110|205|125|
121|205|126|
98|205|127|
125|205|128|
158|205|129|
122|205|130|
106|205|131|
105|205|134|
117|205|136|
108|205|137|
111|205|138|
152|205|139|
159|205|140|
153|205|142|
144|205|143|
92|205|144|
130|205|145|
115|205|147|
134|205|148|
101|205|149|
94|205|152|
128|205|154|
138|205|155|
109|205|156|
133|205|158|
139|205|159|
145|205|161|
106|205|162|
108|205|163|
119|205|164|
125|205|165|
103|205|166|
117|205|167|
140|205|168|
152|205|169|
93|205|171|
96|205|172|
122|205|173|
91|205|174|
101|205|175|
124|205|177|
145|205|178|
162|205|179|
127|205|180|
105|205|182|
144|205|183|
144|205|184|
155|205|185|
172|205|186|
126|205|187|
111|205|188|
125|205|189|
112|205|190|
111|205|191|
94|205|192|
84|205|193|
91|205|194|
89|206|0|
129|206|1|
137|206|2|
95|206|4|
105|206|5|
140|206|6|
124|206|7|
142|206|8|
167|206|9|
135|206|10|
118|206|11|
107|206|13|
128|206|14|
138|206|15|
167|206|16|
126|206|17|
110|206|18|
97|206|20|
136|206|21|
97|206|22|
139|206|23|
134|206|24|
124|206|25|
115|206|26|
107|206|28|
106|206|29|
156|206|30|
113|206|31|
91|206|32|
91|206|33|
133|206|34|
129|206|35|
125|206|36|
96|206|39|
129|206|40|
125|206|41|
138|206|42|
147|206|43|
115|206|44|
147|206|45|
153|206|46|
104|206|47|
131|206|48|
107|206|49|
100|206|50|
152|206|51|
116|206|52|
144|206|55|
104|206|56|
89|206|57|
133|206|58|
146|206|59|
158|206|60|
122|206|61|
108|206|62|
129|206|63|
156|206|64|
127|206|65|
156|206|66|
108|206|67|
109|206|68|
112|206|69|
101|206|70|
120|206|71|
87|206|72|
114|206|74|
147|206|75|
153|206|76|
105|206|77|
112|206|78|
135|206|79|
107|206|80|
157|206|81|
163|206|82|
163|206|83|
125|206|84|
125|206|85|
142|206|86|
138|206|87|
97|206|88|
130|206|89|
161|206|90|
120|206|91|
101|206|92|
144|206|93|
141|206|94|
117|206|95|
95|206|96|
156|206|99|
157|206|100|
94|206|101|
102|206|102|
126|206|103|
107|206|104|
119|206|105|
152|206|106|
117|206|108|
136|206|109|
138|206|110|
121|206|112|
103|206|114|
147|206|115|
147|206|116|
95|206|117|
99|206|118|
100|206|119|
107|206|121|
144|206|122|
142|206|123|
108|206|124|
110|206|125|
122|206|126|
96|206|127|
127|206|128|
155|206|129|
125|206|130|
107|206|131|
106|206|134|
118|206|136|
109|206|137|
113|206|138|
151|206|139|
158|206|140|
154|206|142|
146|206|143|
92|206|144|
129|206|145|
115|206|147|
137|206|148|
104|206|149|
124|206|150|
97|206|152|
127|206|154|
140|206|155|
111|206|156|
132|206|158|
140|206|159|
145|206|161|
107|206|162|
109|206|163|
118|206|164|
126|206|165|
105|206|166|
118|206|167|
139|206|168|
154|206|169|
93|206|171|
96|206|172|
126|206|173|
92|206|174|
103|206|175|
126|206|177|
147|206|178|
164|206|179|
128|206|180|
103|206|182|
146|206|183|
144|206|184|
155|206|185|
170|206|186|
127|206|187|
115|206|188|
126|206|189|
113|206|190|
112|206|191|
95|206|192|
83|206|193|
95|206|194|
92|207|0|
129|207|1|
137|207|2|
98|207|4|
108|207|5|
141|207|6|
124|207|7|
144|207|8|
168|207|9|
136|207|10|
117|207|11|
109|207|13|
131|207|14|
143|207|15|
167|207|16|
125|207|17|
115|207|18|
97|207|20|
138|207|21|
98|207|22|
140|207|23|
131|207|24|
123|207|25|
115|207|26|
107|207|28|
107|207|29|
156|207|30|
116|207|31|
94|207|32|
91|207|33|
132|207|34|
131|207|35|
126|207|36|
96|207|39|
129|207|40|
125|207|41|
138|207|42|
146|207|43|
119|207|44|
147|207|45|
155|207|46|
108|207|47|
137|207|48|
108|207|49|
99|207|50|
155|207|51|
116|207|52|
145|207|55|
104|207|56|
88|207|57|
131|207|58|
147|207|59|
156|207|60|
122|207|61|
114|207|62|
130|207|63|
159|207|64|
126|207|65|
158|207|66|
108|207|67|
110|207|68|
112|207|69|
103|207|70|
120|207|71|
89|207|72|
116|207|74|
142|207|75|
156|207|76|
108|207|77|
113|207|78|
136|207|79|
107|207|80|
159|207|81|
158|207|82|
163|207|83|
125|207|84|
127|207|85|
140|207|86|
142|207|87|
95|207|88|
130|207|89|
160|207|90|
120|207|91|
103|207|92|
142|207|93|
143|207|94|
115|207|95|
96|207|96|
160|207|99|
157|207|100|
94|207|101|
103|207|102|
128|207|103|
112|207|104|
122|207|105|
152|207|106|
123|207|108|
138|207|109|
139|207|110|
124|207|112|
105|207|114|
153|207|115|
146|207|116|
94|207|117|
103|207|118|
100|207|119|
109|207|121|
146|207|122|
143|207|123|
111|207|124|
111|207|125|
122|207|126|
95|207|127|
136|207|128|
156|207|129|
127|207|130|
109|207|131|
111|207|134|
116|207|136|
111|207|137|
116|207|138|
151|207|139|
159|207|140|
152|207|142|
149|207|143|
92|207|144|
128|207|145|
113|207|147|
137|207|148|
105|207|149|
122|207|150|
98|207|152|
125|207|154|
141|207|155|
109|207|156|
131|207|158|
141|207|159|
145|207|161|
107|207|162|
110|207|163|
116|207|164|
127|207|165|
105|207|166|
120|207|167|
139|207|168|
154|207|169|
93|207|171|
100|207|172|
125|207|173|
92|207|174|
103|207|175|
128|207|177|
146|207|178|
163|207|179|
130|207|180|
99|207|182|
146|207|183|
143|207|184|
154|207|185|
169|207|186|
130|207|187|
116|207|188|
129|207|189|
117|207|190|
115|207|191|
97|207|192|
80|207|193|
95|207|194|
92|208|0|
133|208|1|
137|208|2|
101|208|4|
107|208|5|
142|208|6|
129|208|7|
144|208|8|
167|208|9|
136|208|10|
116|208|11|
107|208|13|
129|208|14|
144|208|15|
166|208|16|
122|208|17|
113|208|18|
97|208|20|
140|208|21|
98|208|22|
143|208|23|
131|208|24|
125|208|25|
116|208|26|
108|208|28|
110|208|29|
156|208|30|
114|208|31|
96|208|32|
91|208|33|
132|208|34|
134|208|35|
126|208|36|
95|208|39|
128|208|40|
123|208|41|
140|208|42|
140|208|43|
120|208|44|
147|208|45|
150|208|46|
110|208|47|
136|208|48|
106|208|49|
103|208|50|
157|208|51|
116|208|52|
149|208|55|
102|208|56|
91|208|57|
133|208|58|
146|208|59|
160|208|60|
119|208|61|
116|208|62|
134|208|63|
158|208|64|
133|208|65|
158|208|66|
109|208|67|
107|208|68|
114|208|69|
103|208|70|
117|208|71|
90|208|72|
117|208|74|
142|208|75|
154|208|76|
109|208|77|
114|208|78|
135|208|79|
106|208|80|
161|208|81|
158|208|82|
162|208|83|
124|208|84|
123|208|85|
138|208|86|
143|208|87|
95|208|88|
129|208|89|
158|208|90|
120|208|91|
101|208|92|
142|208|93|
141|208|94|
115|208|95|
100|208|96|
158|208|99|
158|208|100|
93|208|101|
104|208|102|
125|208|103|
115|208|104|
125|208|105|
152|208|106|
125|208|108|
135|208|109|
138|208|110|
125|208|112|
107|208|114|
156|208|115|
147|208|116|
97|208|117|
107|208|118|
95|208|119|
112|208|121|
145|208|122|
144|208|123|
111|208|124|
113|208|125|
122|208|126|
94|208|127|
133|208|128|
156|208|129|
132|208|130|
109|208|131|
113|208|134|
114|208|136|
113|208|137|
116|208|138|
151|208|139|
159|208|140|
153|208|142|
149|208|143|
94|208|144|
131|208|145|
111|208|147|
135|208|148|
110|208|149|
122|208|150|
99|208|152|
129|208|154|
142|208|155|
112|208|156|
131|208|158|
143|208|159|
144|208|161|
110|208|162|
113|208|163|
115|208|164|
129|208|165|
105|208|166|
119|208|167|
141|208|168|
155|208|169|
94|208|171|
96|208|172|
124|208|173|
93|208|174|
104|208|175|
127|208|177|
148|208|178|
162|208|179|
129|208|180|
98|208|182|
148|208|183|
142|208|184|
154|208|185|
166|208|186|
133|208|187|
117|208|188|
129|208|189|
126|208|190|
118|208|191|
96|208|192|
81|208|193|
94|208|194|
94|209|0|
134|209|1|
140|209|2|
103|209|4|
104|209|5|
141|209|6|
127|209|7|
144|209|8|
167|209|9|
135|209|10|
118|209|11|
109|209|13|
131|209|14|
141|209|15|
166|209|16|
124|209|17|
115|209|18|
96|209|20|
138|209|21|
99|209|22|
143|209|23|
130|209|24|
125|209|25|
119|209|26|
109|209|28|
112|209|29|
155|209|30|
115|209|31|
96|209|32|
91|209|33|
130|209|34|
134|209|35|
122|209|36|
96|209|39|
128|209|40|
123|209|41|
138|209|42|
145|209|43|
118|209|44|
147|209|45|
150|209|46|
111|209|47|
137|209|48|
107|209|49|
103|209|50|
155|209|51|
116|209|52|
151|209|55|
101|209|56|
92|209|57|
131|209|58|
145|209|59|
159|209|60|
121|209|61|
118|209|62|
133|209|63|
158|209|64|
136|209|65|
157|209|66|
109|209|67|
111|209|68|
115|209|69|
103|209|70|
118|209|71|
93|209|72|
117|209|74|
141|209|75|
152|209|76|
109|209|77|
117|209|78|
138|209|79|
110|209|80|
160|209|81|
158|209|82|
162|209|83|
124|209|84|
120|209|85|
139|209|86|
142|209|87|
97|209|88|
132|209|89|
156|209|90|
123|209|91|
104|209|92|
143|209|93|
141|209|94|
116|209|95|
100|209|96|
156|209|99|
158|209|100|
93|209|101|
104|209|102|
128|209|103|
117|209|104|
127|209|105|
152|209|106|
124|209|108|
140|209|109|
137|209|110|
121|209|112|
110|209|114|
157|209|115|
148|209|116|
97|209|117|
108|209|118|
93|209|119|
114|209|121|
144|209|122|
141|209|123|
111|209|124|
113|209|125|
120|209|126|
94|209|127|
135|209|128|
156|209|129|
136|209|130|
109|209|131|
113|209|134|
114|209|136|
115|209|137|
117|209|138|
154|209|139|
158|209|140|
152|209|142|
147|209|143|
99|209|144|
129|209|145|
110|209|147|
135|209|148|
110|209|149|
124|209|150|
101|209|152|
130|209|154|
143|209|155|
110|209|156|
132|209|158|
144|209|159|
144|209|161|
110|209|162|
112|209|163|
116|209|164|
129|209|165|
106|209|166|
123|209|167|
141|209|168|
156|209|169|
94|209|171|
96|209|172|
123|209|173|
92|209|174|
105|209|175|
128|209|177|
150|209|178|
163|209|179|
129|209|180|
98|209|182|
143|209|183|
143|209|184|
153|209|185|
164|209|186|
134|209|187|
117|209|188|
129|209|189|
129|209|190|
119|209|191|
97|209|192|
85|209|193|
97|209|194|
94|210|0|
138|210|1|
141|210|2|
105|210|4|
104|210|5|
142|210|6|
125|210|7|
144|210|8|
167|210|9|
134|210|10|
117|210|11|
110|210|13|
131|210|14|
144|210|15|
167|210|16|
128|210|17|
115|210|18|
98|210|20|
139|210|21|
100|210|22|
145|210|23|
130|210|24|
124|210|25|
120|210|26|
109|210|28|
113|210|29|
155|210|30|
113|210|31|
97|210|32|
93|210|33|
131|210|34|
137|210|35|
120|210|36|
96|210|39|
128|210|40|
123|210|41|
134|210|42|
142|210|43|
120|210|44|
147|210|45|
153|210|46|
111|210|47|
134|210|48|
114|210|49|
106|210|50|
158|210|51|
113|210|52|
149|210|55|
103|210|56|
94|210|57|
131|210|58|
147|210|59|
159|210|60|
123|210|61|
120|210|62|
128|210|63|
157|210|64|
138|210|65|
155|210|66|
109|210|67|
109|210|68|
115|210|69|
106|210|70|
119|210|71|
98|210|72|
117|210|74|
138|210|75|
150|210|76|
110|210|77|
119|210|78|
139|210|79|
112|210|80|
161|210|81|
159|210|82|
161|210|83|
124|210|84|
120|210|85|
139|210|86|
141|210|87|
97|210|88|
133|210|89|
156|210|90|
125|210|91|
105|210|92|
141|210|93|
142|210|94|
116|210|95|
99|210|96|
150|210|99|
159|210|100|
93|210|101|
105|210|102|
129|210|103|
122|210|104|
126|210|105|
152|210|106|
126|210|108|
142|210|109|
137|210|110|
120|210|112|
109|210|114|
156|210|115|
148|210|116|
101|210|117|
112|210|118|
93|210|119|
115|210|121|
144|210|122|
141|210|123|
113|210|124|
114|210|125|
122|210|126|
94|210|127|
133|210|128|
157|210|129|
138|210|130|
109|210|131|
116|210|134|
116|210|136|
118|210|137|
116|210|138|
153|210|139|
157|210|140|
149|210|142|
148|210|143|
99|210|144|
131|210|145|
107|210|147|
140|210|148|
110|210|149|
122|210|150|
103|210|152|
133|210|154|
143|210|155|
112|210|156|
134|210|158|
147|210|159|
143|210|161|
111|210|162|
112|210|163|
117|210|164|
131|210|165|
104|210|166|
126|210|167|
142|210|168|
155|210|169|
94|210|171|
94|210|172|
124|210|173|
94|210|174|
107|210|175|
128|210|177|
150|210|178|
164|210|179|
129|210|180|
99|210|182|
141|210|183|
142|210|184|
153|210|185|
164|210|186|
134|210|187|
119|210|188|
129|210|189|
126|210|190|
120|210|191|
99|210|192|
85|210|193|
98|210|194|
95|211|0|
141|211|1|
145|211|2|
108|211|4|
107|211|5|
142|211|6|
125|211|7|
146|211|8|
168|211|9|
137|211|10|
116|211|11|
109|211|13|
130|211|14|
153|211|15|
167|211|16|
124|211|17|
117|211|18|
100|211|20|
141|211|21|
102|211|22|
148|211|23|
132|211|24|
125|211|25|
120|211|26|
109|211|28|
116|211|29|
156|211|30|
116|211|31|
97|211|32|
93|211|33|
133|211|34|
138|211|35|
121|211|36|
98|211|39|
129|211|40|
125|211|41|
135|211|42|
147|211|43|
120|211|44|
146|211|45|
151|211|46|
112|211|47|
133|211|48|
115|211|49|
107|211|50|
160|211|51|
114|211|52|
148|211|55|
103|211|56|
94|211|57|
131|211|58|
148|211|59|
158|211|60|
125|211|61|
121|211|62|
126|211|63|
159|211|64|
135|211|65|
154|211|66|
109|211|67|
112|211|68|
115|211|69|
105|211|70|
119|211|71|
94|211|72|
118|211|74|
138|211|75|
151|211|76|
111|211|77|
122|211|78|
137|211|79|
112|211|80|
162|211|81|
160|211|82|
161|211|83|
125|211|84|
122|211|85|
141|211|86|
144|211|87|
98|211|88|
136|211|89|
156|211|90|
125|211|91|
108|211|92|
142|211|93|
141|211|94|
115|211|95|
101|211|96|
153|211|99|
159|211|100|
94|211|101|
106|211|102|
130|211|103|
124|211|104|
127|211|105|
152|211|106|
126|211|108|
138|211|109|
136|211|110|
121|211|112|
110|211|114|
156|211|115|
151|211|116|
102|211|117|
114|211|118|
94|211|119|
117|211|121|
144|211|122|
141|211|123|
114|211|124|
114|211|125|
122|211|126|
94|211|127|
131|211|128|
157|211|129|
138|211|130|
109|211|131|
119|211|134|
117|211|136|
118|211|137|
116|211|138|
155|211|139|
156|211|140|
150|211|142|
150|211|143|
99|211|144|
129|211|145|
105|211|147|
139|211|148|
109|211|149|
123|211|150|
105|211|152|
132|211|154|
142|211|155|
112|211|156|
135|211|158|
151|211|159|
143|211|161|
112|211|162|
111|211|163|
116|211|164|
132|211|165|
106|211|166|
122|211|167|
142|211|168|
157|211|169|
92|211|171|
99|211|172|
124|211|173|
94|211|174|
107|211|175|
131|211|177|
151|211|178|
165|211|179|
128|211|180|
98|211|182|
143|211|183|
144|211|184|
154|211|185|
164|211|186|
135|211|187|
121|211|188|
128|211|189|
126|211|190|
122|211|191|
99|211|192|
86|211|193|
99|211|194|
94|212|0|
143|212|1|
147|212|2|
107|212|4|
103|212|5|
144|212|6|
129|212|7|
147|212|8|
168|212|9|
138|212|10|
120|212|11|
110|212|13|
131|212|14|
153|212|15|
167|212|16|
123|212|17|
117|212|18|
100|212|20|
137|212|21|
105|212|22|
146|212|23|
134|212|24|
125|212|25|
122|212|26|
109|212|28|
118|212|29|
156|212|30|
116|212|31|
95|212|32|
95|212|33|
133|212|34|
139|212|35|
124|212|36|
97|212|39|
128|212|40|
125|212|41|
135|212|42|
151|212|43|
119|212|44|
146|212|45|
150|212|46|
114|212|47|
133|212|48|
116|212|49|
106|212|50|
160|212|51|
115|212|52|
145|212|55|
103|212|56|
95|212|57|
132|212|58|
149|212|59|
156|212|60|
126|212|61|
119|212|62|
128|212|63|
157|212|64|
137|212|65|
153|212|66|
110|212|67|
109|212|68|
115|212|69|
105|212|70|
123|212|71|
94|212|72|
118|212|74|
135|212|75|
153|212|76|
110|212|77|
125|212|78|
138|212|79|
114|212|80|
162|212|81|
162|212|82|
161|212|83|
124|212|84|
123|212|85|
141|212|86|
143|212|87|
98|212|88|
138|212|89|
155|212|90|
125|212|91|
107|212|92|
140|212|93|
139|212|94|
115|212|95|
99|212|96|
152|212|99|
159|212|100|
93|212|101|
105|212|102|
130|212|103|
122|212|104|
129|212|105|
152|212|106|
129|212|108|
135|212|109|
137|212|110|
122|212|112|
112|212|114|
152|212|115|
152|212|116|
103|212|117|
115|212|118|
96|212|119|
120|212|121|
145|212|122|
141|212|123|
115|212|124|
116|212|125|
120|212|126|
94|212|127|
132|212|128|
157|212|129|
140|212|130|
109|212|131|
121|212|134|
116|212|136|
120|212|137|
116|212|138|
155|212|139|
156|212|140|
150|212|142|
152|212|143|
102|212|144|
133|212|145|
105|212|147|
147|212|148|
110|212|149|
122|212|150|
107|212|152|
130|212|154|
142|212|155|
109|212|156|
135|212|158|
149|212|159|
143|212|161|
113|212|162|
112|212|163|
116|212|164|
132|212|165|
103|212|166|
123|212|167|
143|212|168|
152|212|169|
97|212|171|
98|212|172|
125|212|173|
97|212|174|
108|212|175|
134|212|177|
152|212|178|
166|212|179|
128|212|180|
97|212|182|
142|212|183|
145|212|184|
153|212|185|
166|212|186|
136|212|187|
123|212|188|
127|212|189|
121|212|190|
122|212|191|
100|212|192|
86|212|193|
99|212|194|
94|213|0|
143|213|1|
148|213|2|
111|213|4|
109|213|5|
145|213|6|
132|213|7|
147|213|8|
169|213|9|
140|213|10|
120|213|11|
110|213|13|
132|213|14|
146|213|15|
168|213|16|
124|213|17|
118|213|18|
102|213|20|
142|213|21|
105|213|22|
147|213|23|
134|213|24|
127|213|25|
122|213|26|
112|213|28|
120|213|29|
157|213|30|
117|213|31|
85|213|32|
95|213|33|
134|213|34|
140|213|35|
126|213|36|
99|213|39|
128|213|40|
126|213|41|
138|213|42|
153|213|43|
119|213|44|
147|213|45|
152|213|46|
117|213|47|
132|213|48|
117|213|49|
105|213|50|
158|213|51|
116|213|52|
146|213|55|
105|213|56|
96|213|57|
132|213|58|
152|213|59|
156|213|60|
127|213|61|
118|213|62|
130|213|63|
157|213|64|
136|213|65|
153|213|66|
110|213|67|
109|213|68|
116|213|69|
103|213|70|
124|213|71|
94|213|72|
119|213|74|
137|213|75|
152|213|76|
111|213|77|
125|213|78|
139|213|79|
114|213|80|
162|213|81|
162|213|82|
161|213|83|
124|213|84|
123|213|85|
139|213|86|
147|213|87|
99|213|88|
137|213|89|
157|213|90|
127|213|91|
110|213|92|
143|213|93|
138|213|94|
114|213|95|
99|213|96|
154|213|99|
159|213|100|
92|213|101|
107|213|102|
131|213|103|
123|213|104|
130|213|105|
152|213|106|
129|213|108|
138|213|109|
138|213|110|
122|213|112|
113|213|114|
157|213|115|
153|213|116|
103|213|117|
116|213|118|
98|213|119|
120|213|121|
145|213|122|
141|213|123|
119|213|124|
115|213|125|
121|213|126|
94|213|127|
133|213|128|
156|213|129|
141|213|130|
110|213|131|
123|213|134|
116|213|136|
121|213|137|
116|213|138|
155|213|139|
156|213|140|
151|213|142|
151|213|143|
100|213|144|
133|213|145|
108|213|147|
147|213|148|
111|213|149|
123|213|150|
108|213|152|
132|213|154|
143|213|155|
107|213|156|
136|213|158|
150|213|159|
143|213|161|
114|213|162|
112|213|163|
117|213|164|
134|213|165|
105|213|166|
124|213|167|
143|213|168|
152|213|169|
99|213|171|
99|213|172|
125|213|173|
96|213|174|
110|213|175|
137|213|177|
151|213|178|
167|213|179|
128|213|180|
96|213|182|
141|213|183|
147|213|184|
154|213|185|
165|213|186|
137|213|187|
124|213|188|
128|213|189|
118|213|190|
123|213|191|
100|213|192|
87|213|193|
95|213|194|
