73.4|205|8|
72.6|205|16|
66.4|205|23|
74.2|205|30|
64.4|205|45|
80.2|205|46|
51.7|205|51|
70.9|205|60|
66.2|205|64|
60.1|205|66|
51.9|205|75|
53.1|205|79|
68.5|205|83|
65.2|205|85|
62.9|205|86|
54.9|205|94|
65.8|205|110|
74.6|205|122|
52.2|205|131|
55.9|205|139|
50.5|205|142|
70.8|205|148|
71.5|205|161|
73.8|205|168|
47.2|205|179|
69.8|205|185|
71.7|205|190|
63.1|206|6|
42.9|206|7|
71.2|206|9|
47.3|206|10|
43.2|206|13|
56.6|206|15|
33.3|206|18|
53.7|206|20|
47.4|206|22|
38|206|26|
35.7|206|28|
38.5|206|29|
34.3|206|33|
60.6|206|34|
45.6|206|35|
60.2|206|36|
70.8|206|40|
54.2|206|43|
62.4|206|44|
50.9|206|49|
50.2|206|50|
57|206|52|
53.7|206|55|
76.7|206|59|
65.8|206|60|
36.8|206|63|
45.4|206|65|
59|206|68|
37.5|206|72|
54|206|74|
53.5|206|77|
49.5|206|78|
71.4|206|81|
71.7|206|82|
62.1|206|84|
54.8|206|87|
42.2|206|88|
60.8|206|90|
46.4|206|91|
50.8|206|92|
47.1|206|93|
46.5|206|94|
59.5|206|99|
39.8|206|101|
38.3|206|102|
60.1|206|103|
40.1|206|105|
51|206|112|
45.9|206|117|
45.7|206|121|
73.1|206|123|
44.6|206|124|
37.4|206|125|
47.1|206|126|
74.2|206|129|
47.2|206|133|
61.3|206|134|
47.3|206|136|
48.1|206|137|
46.7|206|138|
54.1|206|140|
49.6|206|143|
42.1|206|144|
44.2|206|149|
36.3|206|152|
64.6|206|153|
52.6|206|154|
58.1|206|155|
50.8|206|158|
53.3|206|159|
43.4|206|162|
74.7|206|169|
46.1|206|171|
39.2|206|172|
58.9|206|173|
32|206|175|
58.3|206|177|
37.3|206|182|
48|206|183|
67.3|206|184|
71.8|206|186|
57.9|206|187|
52.3|206|188|
65.3|206|190|
52.9|206|191|
48.2|206|193|
38.3|206|194|
46.3|207|1|
60.7|207|6|
48.8|207|7|
72.9|207|8|
45.7|207|10|
46.1|207|13|
56.2|207|15|
72.2|207|16|
64.5|207|17|
56.3|207|20|
49|207|21|
63.2|207|23|
38.4|207|25|
40.2|207|26|
41.6|207|28|
43.5|207|29|
74.8|207|30|
41.6|207|32|
41.4|207|33|
57|207|34|
48.6|207|35|
61.4|207|36|
74.3|207|40|
58.2|207|42|
65|207|45|
78.3|207|46|
50.8|207|49|
50|207|50|
55.4|207|51|
53|207|52|
53.3|207|55|
37.1|207|63|
64.2|207|64|
52.2|207|65|
66.5|207|66|
63.3|207|68|
59.9|207|71|
51|207|74|
49.5|207|75|
50.3|207|77|
51|207|78|
53.4|207|79|
68.4|207|82|
65.7|207|83|
62.4|207|85|
56|207|86|
57.2|207|87|
45.8|207|88|
47|207|91|
53.6|207|92|
46.7|207|93|
37|207|96|
58.1|207|99|
48.9|207|102|
62.4|207|103|
41.5|207|108|
65.3|207|110|
47.7|207|112|
46.1|207|114|
52|207|115|
48.3|207|117|
48.9|207|119|
47.5|207|121|
74.5|207|122|
76|207|123|
49.4|207|124|
42.8|207|125|
48.9|207|126|
44.9|207|128|
56.7|207|131|
41.5|207|133|
68.9|207|134|
52.7|207|136|
52.1|207|137|
50.7|207|138|
58.9|207|139|
53.9|207|142|
52.2|207|143|
72.7|207|148|
46.8|207|149|
47.5|207|150|
35.9|207|152|
68.3|207|153|
52|207|158|
57.7|207|159|
69.9|207|161|
44.1|207|162|
72.4|207|168|
44.3|207|171|
43.2|207|172|
57.8|207|173|
56.2|207|179|
44.6|207|182|
52.5|207|183|
68|207|185|
75.1|207|186|
56.9|207|187|
54.2|207|191|
44.8|207|192|
40|207|193|
32.8|207|194|
37.2|208|0|
59.6|208|6|
46.5|208|7|
72.5|208|8|
71.8|208|9|
48.2|208|10|
50.5|208|13|
54.6|208|15|
71.2|208|16|
36.7|208|18|
53|208|20|
54.5|208|22|
66.9|208|23|
38.5|208|26|
35.6|208|27|
44.6|208|28|
42.9|208|29|
74.9|208|30|
46.3|208|33|
57.9|208|34|
48.5|208|35|
61.7|208|36|
38.2|208|39|
68.5|208|40|
79.7|208|46|
50.1|208|47|
48.4|208|49|
53|208|50|
46.3|208|51|
51.9|208|52|
54.5|208|55|
76.7|208|59|
70.1|208|60|
41.6|208|63|
65.2|208|64|
49.7|208|65|
64.1|208|68|
38.5|208|72|
54.2|208|74|
68.9|208|76|
51.5|208|77|
48.2|208|78|
51.3|208|79|
45.9|208|80|
75.7|208|81|
72.6|208|82|
67.8|208|83|
59.1|208|85|
49.3|208|86|
58.9|208|87|
40.2|208|88|
47.4|208|91|
50.4|208|92|
51.5|208|93|
45.9|208|94|
42.2|208|96|
55.5|208|99|
46.4|208|101|
58.1|208|103|
41.1|208|105|
42.5|208|108|
68.3|208|110|
55|208|112|
44.9|208|114|
46.5|208|117|
44.4|208|121|
76.3|208|122|
73.8|208|123|
51|208|124|
42.4|208|125|
49.4|208|126|
76.3|208|129|
44.1|208|131|
43.9|208|133|
69.3|208|134|
55.7|208|136|
51.3|208|137|
45.9|208|138|
57.2|208|140|
56.2|208|143|
43.6|208|144|
68.1|208|148|
46.8|208|149|
30|208|152|
66.4|208|153|
53.5|208|158|
53.9|208|159|
72.9|208|161|
44.3|208|162|
75.2|208|168|
53.2|208|170|
50.6|208|171|
43.8|208|172|
56.4|208|173|
28.1|208|175|
67|208|177|
51.2|208|179|
45.7|208|182|
51.7|208|183|
69.9|208|185|
72.8|208|186|
56.6|208|187|
53.1|208|188|
62.6|208|190|
54.8|208|191|
47.3|208|193|
31.7|208|194|
44|209|0|
54.9|209|1|
64.2|209|6|
41.8|209|7|
45.7|209|10|
57|209|12|
50.8|209|13|
55.6|209|15|
60.9|209|20|
49.6|209|21|
70|209|23|
37.9|209|27|
41.1|209|28|
47.4|209|29|
74.9|209|30|
36.4|209|33|
64.9|209|34|
44.5|209|35|
62.7|209|36|
34.8|209|37|
39.8|209|38|
76.1|209|40|
42|209|41|
54.3|209|42|
68.3|209|44|
76.8|209|46|
49.1|209|47|
54.3|209|49|
60.2|209|50|
50.7|209|51|
68.4|209|52|
51.4|209|55|
62.8|209|60|
38|209|63|
66.4|209|64|
42|209|65|
60.4|209|66|
64.5|209|68|
60.3|209|74|
48.9|209|75|
45.2|209|77|
54.7|209|78|
47.8|209|80|
70.5|209|81|
73.5|209|82|
63.3|209|83|
58.4|209|85|
60|209|86|
53.8|209|87|
42.7|209|88|
65.9|209|90|
50.7|209|91|
46.7|209|93|
52.1|209|94|
54.7|209|99|
69.6|209|100|
51.5|209|102|
53.8|209|103|
39.8|209|105|
63.3|209|106|
45|209|108|
69.6|209|110|
55.5|209|112|
48|209|115|
49.2|209|121|
53.5|209|124|
42.7|209|125|
49.8|209|126|
44.3|209|128|
52.1|209|131|
44.7|209|133|
70.3|209|134|
55.8|209|136|
55.2|209|137|
48.8|209|138|
57.7|209|139|
64.2|209|141|
53.7|209|142|
51.6|209|143|
40.3|209|144|
61.5|209|148|
43.4|209|149|
43.8|209|150|
61.4|209|153|
58.3|209|155|
49.9|209|157|
52.2|209|158|
56.5|209|159|
62|209|161|
42.1|209|162|
44.5|209|166|
72.7|209|168|
75.2|209|169|
49.8|209|170|
45.8|209|171|
34.1|209|172|
54.8|209|173|
50.3|209|178|
52.1|209|179|
65.7|209|180|
46.1|209|182|
51.7|209|183|
68.7|209|184|
69.1|209|185|
71.6|209|186|
63|209|187|
52.6|209|188|
71.9|209|190|
53|209|191|
48.1|209|192|
52.6|209|193|
40.6|209|194|
47.6|210|0|
52.7|210|1|
54.6|210|2|
64.4|210|6|
43.7|210|7|
74.5|210|8|
73|210|9|
42.2|210|10|
59.4|210|12|
48.6|210|13|
55.3|210|15|
68.5|210|16|
57.8|210|20|
46.7|210|21|
35.5|210|22|
68.4|210|23|
39.1|210|25|
40.4|210|26|
41.4|210|28|
45.5|210|29|
76.5|210|30|
35.7|210|32|
37.4|210|33|
66.4|210|34|
46.5|210|35|
64.1|210|36|
38.1|210|37|
72.7|210|40|
56|210|42|
63.9|210|44|
62.5|210|45|
77.7|210|46|
50.1|210|47|
47.4|210|49|
58.4|210|50|
46.7|210|51|
67.4|210|52|
73.9|210|59|
68|210|60|
41|210|63|
67.2|210|64|
46.1|210|65|
58.4|210|66|
62.9|210|68|
37.7|210|72|
58.7|210|74|
47.3|210|75|
49.9|210|77|
54.6|210|78|
50.7|210|80|
72.6|210|81|
73.6|210|82|
63.5|210|83|
60.6|210|85|
55.7|210|86|
55.1|210|87|
42.6|210|88|
68|210|90|
50|210|91|
50.3|210|94|
42|210|96|
50.7|210|99|
71|210|100|
55.8|210|103|
37.6|210|105|
57.7|210|106|
47.7|210|108|
68|210|110|
55.9|210|112|
45.9|210|114|
54.6|210|115|
43.8|210|116|
43.5|210|121|
75|210|122|
72.2|210|123|
56.9|210|124|
41|210|125|
47.6|210|126|
41.8|210|128|
57.9|210|131|
47|210|133|
73.2|210|134|
58.4|210|136|
56.1|210|137|
49.4|210|138|
58.9|210|139|
50.9|210|140|
68.5|210|141|
49.1|210|142|
53.8|210|143|
63.1|210|148|
43.7|210|149|
44.6|210|150|
41.3|210|152|
65.3|210|153|
60.5|210|154|
60.8|210|155|
46.6|210|157|
46.5|210|158|
61.2|210|159|
61.9|210|161|
39.8|210|162|
44.4|210|166|
75|210|168|
44.6|210|170|
43.8|210|171|
32.3|210|172|
62.2|210|173|
51.3|210|178|
54.9|210|179|
41.9|210|182|
50.6|210|183|
71|210|184|
70.3|210|185|
71.6|210|186|
60.6|210|187|
51|210|188|
74.8|210|190|
53|210|191|
43.5|210|192|
46.8|210|194|
38.3|211|0|
58.7|211|1|
53.2|211|2|
55.9|211|4|
67.8|211|6|
42.6|211|7|
74.1|211|8|
74.7|211|9|
46.8|211|10|
48.2|211|12|
49.9|211|13|
52.3|211|15|
71.1|211|16|
38.7|211|18|
57.8|211|20|
49.9|211|21|
35.2|211|22|
70.4|211|23|
38.8|211|25|
47.9|211|26|
37.1|211|27|
41.6|211|28|
44.3|211|29|
74.3|211|30|
36.8|211|32|
43.9|211|33|
65.3|211|34|
50.4|211|35|
64.6|211|36|
38.4|211|37|
45.2|211|38|
45.1|211|39|
72.3|211|40|
53.9|211|42|
66.9|211|44|
63.3|211|45|
77.9|211|46|
43.7|211|47|
54|211|49|
58|211|50|
41.7|211|51|
47.4|211|52|
54.9|211|55|
48.7|211|56|
73.5|211|59|
69.6|211|60|
42.6|211|61|
42|211|63|
66.2|211|64|
56.1|211|65|
53.7|211|66|
57.4|211|68|
40.4|211|69|
48.4|211|72|
49.6|211|74|
49.2|211|75|
46.3|211|77|
51.7|211|78|
47.7|211|79|
47.3|211|80|
70.1|211|81|
74.3|211|82|
60.6|211|83|
53.7|211|84|
62.6|211|85|
55.4|211|86|
57.4|211|87|
44.1|211|88|
63.8|211|90|
49.2|211|91|
47|211|92|
49.7|211|93|
51.9|211|94|
49|211|95|
54.3|211|99|
71|211|100|
43.8|211|101|
39.5|211|102|
57.9|211|103|
46.7|211|105|
61.5|211|106|
47.8|211|108|
54.8|211|109|
69.1|211|110|
57.9|211|112|
50.3|211|114|
52.2|211|115|
50.8|211|116|
49.7|211|117|
38.1|211|121|
75.6|211|122|
71.9|211|123|
53.9|211|124|
45.6|211|125|
49|211|128|
68.5|211|130|
52.7|211|131|
47.5|211|133|
72.5|211|134|
56.8|211|136|
58.9|211|137|
49.9|211|138|
56.5|211|139|
52.2|211|140|
65.9|211|141|
50.2|211|142|
53.9|211|143|
41|211|144|
67|211|148|
38.3|211|149|
48.2|211|150|
45|211|152|
65.6|211|153|
59.5|211|154|
60.4|211|155|
49.3|211|157|
49.3|211|158|
69.5|211|159|
65.2|211|161|
41.8|211|162|
43.1|211|166|
73.8|211|168|
40.4|211|170|
42.6|211|171|
40.7|211|172|
66.6|211|173|
29.4|211|175|
65.2|211|177|
48.8|211|178|
52.7|211|179|
57.9|211|180|
48.3|211|182|
50.8|211|183|
71.2|211|184|
68.7|211|185|
71.2|211|186|
65.5|211|187|
57.4|211|188|
65.8|211|190|
57.7|211|191|
37.5|211|192|
50|211|193|
48.5|211|194|
37.8|212|0|
55.1|212|1|
56|212|2|
43.6|212|4|
64.7|212|6|
43.2|212|7|
72|212|8|
74|212|9|
49.1|212|10|
50.3|212|12|
47.2|212|13|
57.5|212|15|
69.4|212|16|
31.9|212|18|
60.2|212|20|
47.7|212|21|
48.4|212|22|
66.6|212|23|
42.2|212|25|
39.6|212|26|
39|212|28|
42.4|212|29|
74.2|212|30|
40.3|212|33|
66|212|34|
50.9|212|35|
63.7|212|36|
39.6|212|37|
46.4|212|38|
39.2|212|39|
72.7|212|40|
60.3|212|42|
61.8|212|44|
63.3|212|45|
75.2|212|46|
47.5|212|49|
59.6|212|50|
42|212|51|
59.3|212|52|
53.6|212|55|
45.6|212|57|
74.2|212|59|
66.5|212|60|
39.7|212|61|
42.5|212|63|
67|212|64|
50.6|212|65|
51|212|66|
58.6|212|68|
36.5|212|69|
44.1|212|72|
46|212|74|
46.8|212|75|
75.9|212|76|
47.2|212|77|
53.7|212|78|
46.1|212|79|
46.6|212|80|
69.6|212|81|
71.1|212|82|
58.4|212|83|
59.7|212|85|
51.3|212|86|
57.6|212|87|
45.5|212|88|
62.2|212|90|
52.1|212|91|
48.8|212|92|
51.3|212|93|
45.7|212|94|
57.5|212|97|
57.7|212|99|
69.6|212|100|
35.5|212|101|
42.8|212|102|
59.1|212|103|
43.1|212|105|
59.6|212|106|
46.7|212|108|
73.2|212|110|
60|212|112|
48.9|212|114|
52.2|212|115|
49.7|212|116|
44.4|212|118|
42.3|212|121|
74.7|212|122|
72.5|212|123|
54.5|212|124|
38|212|125|
54.9|212|126|
46.4|212|128|
76.8|212|129|
51.3|212|131|
46.5|212|133|
68.6|212|134|
58.2|212|136|
58.2|212|137|
50|212|138|
58.8|212|139|
49.9|212|140|
66.1|212|141|
51.7|212|142|
56.2|212|143|
33.3|212|144|
64|212|148|
36.7|212|149|
51.5|212|150|
59.1|212|154|
60.6|212|155|
50.6|212|157|
51.3|212|158|
60|212|159|
62.9|212|161|
42.2|212|162|
45.5|212|166|
62.7|212|167|
75.6|212|168|
77.8|212|169|
31.6|212|170|
45|212|171|
40.1|212|172|
63|212|173|
44.6|212|178|
53.1|212|179|
54.6|212|180|
43.1|212|182|
50.3|212|183|
72.2|212|184|
68.8|212|185|
70.3|212|186|
64.5|212|187|
60.2|212|188|
70.7|212|190|
55.3|212|191|
40.6|212|192|
50.1|212|193|
49.6|212|194|
35.7|213|0|
45.5|213|1|
39.4|213|4|
65.8|213|6|
42.8|213|7|
73.6|213|8|
75|213|9|
54.8|213|10|
66.9|213|12|
46.6|213|13|
58.8|213|15|
71|213|16|
34.8|213|18|
55.7|213|19|
57.7|213|20|
51.2|213|21|
41.3|213|22|
71.4|213|23|
39.9|213|25|
33.3|213|26|
36.7|213|28|
42.7|213|29|
75.9|213|30|
35.1|213|33|
67.4|213|34|
52.4|213|35|
66.1|213|36|
45|213|38|
39.5|213|39|
71.6|213|40|
37.4|213|41|
58.9|213|42|
54.4|213|44|
67|213|45|
75.9|213|46|
50.2|213|49|
60.2|213|50|
35.6|213|51|
63.3|213|52|
53.7|213|55|
44.4|213|57|
74.4|213|59|
66.7|213|60|
38|213|61|
43.5|213|63|
69.7|213|64|
49.7|213|65|
47.2|213|66|
59.8|213|68|
39|213|69|
46.2|213|72|
47.1|213|74|
49.1|213|75|
75|213|76|
44.3|213|77|
52.9|213|78|
51.4|213|79|
47.3|213|80|
67.6|213|81|
73.2|213|82|
60.1|213|83|
57.1|213|84|
59.6|213|85|
51.7|213|86|
58.4|213|87|
38|213|88|
64.8|213|90|
54|213|91|
50.7|213|93|
49.8|213|94|
56|213|99|
71.3|213|100|
38.2|213|101|
40.4|213|102|
57.7|213|103|
36.8|213|105|
63.8|213|106|
42|213|108|
74.4|213|110|
57.6|213|112|
49.1|213|114|
50.7|213|115|
51.4|213|116|
41.8|213|118|
46|213|121|
74.1|213|122|
72.8|213|123|
57.7|213|124|
37.2|213|125|
48.2|213|126|
51.9|213|128|
51.4|213|131|
48.4|213|133|
68.7|213|134|
59.4|213|136|
57.8|213|137|
49.8|213|138|
57.5|213|139|
51.6|213|140|
50.8|213|142|
55.4|213|143|
34.7|213|144|
65|213|148|
36.5|213|149|
51|213|150|
45.1|213|152|
65.3|213|153|
59.4|213|154|
59.7|213|155|
36.6|213|158|
59.6|213|159|
61.5|213|161|
43.6|213|162|
74.3|213|168|
26.9|213|170|
49.7|213|171|
38.5|213|172|
62.3|213|173|
61.7|213|177|
52.5|213|178|
48.9|213|179|
53.9|213|180|
37.1|213|182|
47.1|213|183|
66.2|213|184|
69.2|213|185|
72.5|213|186|
64.4|213|187|
59.4|213|188|
65.5|213|190|
50.2|213|191|
42.2|213|192|
52.4|213|193|
46.9|213|194|
31.3|214|0|
48.1|214|1|
63.5|214|2|
37.9|214|4|
66.7|214|6|
44.5|214|7|
72.9|214|8|
69.5|214|9|
52.5|214|10|
61.7|214|12|
46.4|214|13|
58.1|214|15|
68.6|214|16|
59.6|214|17|
33.5|214|18|
49.4|214|19|
58.6|214|20|
52.5|214|21|
40.3|214|22|
69.8|214|23|
44.4|214|25|
34.8|214|26|
29|214|27|
38.8|214|28|
42.4|214|29|
73|214|30|
34.6|214|33|
68.4|214|34|
52|214|35|
64.5|214|36|
44.1|214|38|
40.6|214|39|
72.5|214|40|
35.7|214|41|
53.8|214|42|
56.3|214|44|
64.8|214|45|
75.1|214|46|
53.9|214|49|
59.5|214|50|
48.9|214|51|
58.6|214|52|
55.6|214|55|
45.1|214|57|
73.8|214|59|
64.7|214|60|
39.2|214|61|
42.9|214|63|
69.8|214|64|
38.6|214|65|
47.6|214|66|
65.4|214|68|
34.1|214|69|
38.9|214|72|
50.6|214|74|
51.8|214|75|
44.2|214|77|
56|214|78|
46.8|214|79|
45.4|214|80|
70.2|214|81|
74|214|82|
60.3|214|83|
53.1|214|84|
59.2|214|85|
53.3|214|86|
59.7|214|87|
49|214|88|
61.8|214|90|
52.5|214|91|
57.3|214|93|
52.3|214|94|
45.7|214|96|
61.3|214|99|
68.9|214|100|
36.8|214|101|
45.6|214|102|
59.6|214|103|
39.7|214|105|
64.5|214|106|
44.8|214|108|
56.5|214|109|
66.8|214|110|
59.2|214|112|
48.2|214|114|
52.8|214|115|
47.9|214|118|
45.7|214|119|
49.8|214|121|
73.2|214|122|
73.1|214|123|
62.8|214|124|
41.8|214|125|
52|214|128|
74.4|214|129|
54.4|214|131|
47.2|214|133|
66.3|214|134|
51.2|214|136|
58.7|214|137|
53.1|214|138|
57.5|214|139|
51.3|214|140|
57.3|214|142|
60.4|214|143|
36|214|144|
62.8|214|148|
43.9|214|149|
51.1|214|150|
45|214|152|
70.6|214|153|
61.4|214|154|
56.8|214|155|
55.3|214|157|
48.3|214|158|
58|214|159|
38.3|214|160|
64.6|214|161|
42.7|214|162|
41.4|214|166|
72.4|214|168|
74.9|214|169|
49|214|171|
34.8|214|172|
69.9|214|173|
28.4|214|175|
47.6|214|178|
55.8|214|179|
57.9|214|180|
37.7|214|182|
43|214|183|
65.4|214|184|
67.6|214|185|
71.5|214|186|
65.6|214|187|
60.5|214|188|
61.4|214|190|
50.8|214|191|
39.7|214|192|
43.5|214|193|
41.8|214|194|
39.8|215|0|
46.1|215|1|
67|215|6|
43.5|215|7|
73.1|215|8|
70.8|215|9|
51.5|215|10|
60.1|215|12|
46.3|215|13|
57.2|215|15|
69|215|16|
36.2|215|18|
50.8|215|19|
58.3|215|20|
51.2|215|21|
37.6|215|22|
65.5|215|23|
48.7|215|25|
44.2|215|26|
41.6|215|28|
50.4|215|29|
74.1|215|30|
43.2|215|33|
65.3|215|34|
53|215|35|
63.9|215|36|
39|215|38|
46.9|215|39|
68.5|215|40|
44.5|215|41|
52.1|215|42|
54.4|215|44|
66.1|215|45|
75.1|215|46|
50.6|215|49|
59.6|215|50|
47.6|215|51|
60.2|215|52|
56.3|215|55|
45.7|215|57|
74.5|215|59|
63.6|215|60|
46.6|215|61|
41.2|215|63|
70.4|215|64|
39.9|215|65|
56.2|215|66|
64.6|215|68|
35|215|69|
35.7|215|72|
48.5|215|74|
53.4|215|75|
75|215|76|
43.4|215|77|
50.4|215|78|
47.5|215|79|
44.9|215|80|
68.3|215|81|
70.8|215|82|
58.5|215|83|
58.8|215|85|
54|215|86|
59.5|215|87|
43.6|215|88|
61.5|215|90|
49.1|215|91|
58.8|215|93|
51.7|215|94|
27|215|96|
56.2|215|97|
57.1|215|99|
67|215|100|
35.9|215|101|
38.7|215|102|
63.2|215|103|
45.8|215|105|
66.1|215|106|
39.2|215|108|
62.4|215|110|
60.2|215|112|
49.8|215|114|
51.2|215|115|
51.6|215|116|
45.5|215|117|
42.2|215|118|
48.1|215|121|
73.2|215|122|
74.2|215|123|
59.2|215|124|
36.7|215|125|
49.3|215|126|
49.8|215|128|
76|215|129|
48.2|215|131|
47|215|133|
66.1|215|134|
55.6|215|136|
55.8|215|137|
55.5|215|138|
60.1|215|139|
50.8|215|140|
63.7|215|141|
57.8|215|142|
60|215|143|
34.8|215|144|
63.5|215|148|
46.2|215|149|
53.2|215|150|
49.1|215|152|
66.2|215|153|
61.6|215|154|
57.4|215|155|
53.5|215|157|
48.9|215|158|
57.8|215|159|
40.7|215|160|
63.8|215|161|
46.1|215|162|
72.9|215|168|
75.7|215|169|
34.6|215|170|
51.2|215|171|
36.6|215|172|
62|215|173|
37.7|215|175|
51.3|215|178|
55.1|215|179|
57.9|215|180|
42.4|215|182|
39.6|215|183|
65.7|215|184|
65.2|215|185|
68.6|215|186|
66.3|215|187|
59.7|215|188|
55.7|215|190|
50.8|215|191|
29.8|215|192|
48.4|215|193|
37|215|194|
42.2|216|0|
45.1|216|1|
53.4|216|2|
64.3|216|6|
43.3|216|7|
72.5|216|8|
70.5|216|9|
53|216|10|
61.7|216|12|
45.6|216|13|
51.8|216|15|
69.5|216|16|
40.1|216|18|
57.7|216|20|
51.8|216|21|
35|216|22|
63.7|216|23|
48.4|216|25|
42.1|216|26|
44.6|216|28|
48.2|216|29|
72.4|216|30|
26.9|216|32|
40.3|216|33|
65.8|216|34|
53.2|216|35|
62.3|216|36|
45.2|216|38|
41.2|216|39|
71.4|216|40|
45.4|216|41|
54.2|216|42|
57.9|216|44|
67.4|216|45|
75.6|216|46|
52.4|216|49|
61.2|216|50|
45.6|216|51|
61.4|216|52|
56.5|216|55|
43|216|57|
76.6|216|59|
64.8|216|60|
48.3|216|61|
44.5|216|63|
68.7|216|64|
45.1|216|65|
53|216|66|
63.6|216|68|
36|216|69|
33.5|216|72|
56.5|216|74|
54.5|216|75|
75.1|216|76|
41.8|216|77|
51.4|216|78|
46.5|216|79|
44.1|216|80|
70.4|216|81|
71.6|216|82|
59.5|216|83|
59.5|216|85|
52.7|216|86|
55.3|216|87|
44|216|88|
59.5|216|90|
48.6|216|91|
59.4|216|93|
52.7|216|94|
38.1|216|95|
33.5|216|96|
54.3|216|97|
58.7|216|99|
69.7|216|100|
36.6|216|101|
34.8|216|102|
40.2|216|105|
65.9|216|106|
44.7|216|108|
56.1|216|109|
68.2|216|110|
55.8|216|112|
50.6|216|114|
53|216|115|
53.9|216|116|
46.2|216|118|
51|216|121|
75.4|216|122|
72.3|216|123|
60.1|216|124|
42.3|216|125|
52.2|216|126|
53.5|216|128|
76|216|129|
55.5|216|131|
49.1|216|133|
61.2|216|134|
58|216|136|
57|216|137|
54.3|216|138|
61.6|216|139|
54.5|216|140|
59.7|216|142|
58.5|216|143|
33.3|216|144|
64.7|216|148|
45.9|216|149|
57.5|216|150|
47.3|216|152|
60.3|216|153|
59.9|216|154|
59.4|216|155|
46.7|216|157|
47.7|216|158|
59.7|216|159|
28.9|216|160|
63.2|216|161|
73.7|216|168|
74.6|216|169|
51|216|171|
29|216|172|
60.7|216|173|
38.8|216|175|
45.2|216|178|
53.3|216|179|
58.9|216|180|
42.3|216|182|
40.3|216|183|
68.3|216|184|
68.2|216|185|
68|216|186|
61.7|216|187|
58.9|216|188|
40.4|216|190|
50.6|216|191|
38.3|216|192|
43.5|216|193|
37.4|216|194|
26.6|217|0|
46.4|217|1|
52.5|217|2|
60.4|217|6|
42.9|217|7|
72.6|217|8|
72.9|217|9|
51.5|217|10|
62.3|217|12|
43.1|217|13|
55.5|217|15|
69.3|217|16|
48.5|217|18|
56.5|217|20|
50.9|217|21|
35|217|22|
63.3|217|23|
51|217|25|
46.5|217|26|
45.9|217|28|
50.7|217|29|
74.1|217|30|
34.8|217|32|
45.6|217|33|
63.2|217|34|
51|217|35|
61.6|217|36|
43.1|217|38|
48.8|217|39|
72.3|217|40|
50.4|217|41|
53.4|217|42|
60.6|217|44|
67.9|217|45|
75.9|217|46|
56.1|217|49|
58.4|217|50|
39.3|217|51|
63.4|217|52|
59.4|217|55|
41.8|217|57|
77.9|217|59|
66.4|217|60|
47.8|217|61|
41.2|217|62|
44.5|217|63|
70.7|217|64|
54.8|217|65|
51.5|217|66|
63.3|217|68|
48.7|217|69|
38.2|217|72|
60.2|217|74|
60.7|217|75|
74.8|217|76|
40.5|217|77|
51|217|78|
47.2|217|79|
44.6|217|80|
70.6|217|81|
73.3|217|82|
62|217|83|
58.9|217|84|
59.1|217|85|
48.1|217|86|
58.8|217|87|
44.8|217|88|
60.9|217|90|
56.3|217|91|
46.2|217|92|
59.8|217|93|
51.5|217|94|
38|217|95|
44.2|217|96|
56.5|217|97|
62.7|217|99|
70.6|217|100|
40.8|217|101|
34.2|217|102|
47.4|217|105|
66.8|217|106|
46.8|217|108|
61.7|217|109|
64.1|217|110|
53.3|217|112|
53.3|217|114|
56.1|217|115|
53.1|217|116|
42.8|217|117|
41.5|217|118|
44.4|217|119|
47.4|217|121|
74.6|217|122|
73.3|217|123|
64.8|217|124|
46.2|217|125|
53.2|217|126|
52.3|217|128|
75.8|217|129|
58.3|217|131|
46.3|217|133|
65.7|217|134|
57.1|217|136|
57.1|217|137|
55.9|217|138|
62|217|139|
57.1|217|140|
60.9|217|142|
55.8|217|143|
31.1|217|144|
62.9|217|148|
46.8|217|149|
51.2|217|150|
40.9|217|152|
63.8|217|153|
63.7|217|154|
61.7|217|155|
45.1|217|158|
58.7|217|159|
28.2|217|160|
62.3|217|161|
43.3|217|162|
72.9|217|168|
74.7|217|169|
58.3|217|171|
33.5|217|172|
59.4|217|173|
43.6|217|175|
61.9|217|177|
41.2|217|178|
56.1|217|179|
52.3|217|180|
40|217|182|
43.1|217|183|
70.4|217|184|
71|217|185|
69.9|217|186|
63.4|217|187|
64.2|217|188|
50.7|217|190|
51.8|217|191|
32.5|217|192|
39.3|217|193|
36.4|217|194|
26.9|218|0|
50|218|1|
50.4|218|2|
57.9|218|6|
50.6|218|7|
71.8|218|8|
74|218|9|
51.7|218|10|
45|218|13|
52.3|218|15|
68.9|218|16|
58.2|218|18|
59.2|218|20|
58.9|218|21|
34.6|218|22|
61.9|218|23|
51|218|25|
49.3|218|26|
37.8|218|27|
51.2|218|28|
52.5|218|29|
71.8|218|30|
44.9|218|33|
64.4|218|34|
51.3|218|35|
59.8|218|36|
39.7|218|37|
54.9|218|39|
71.4|218|40|
52.7|218|41|
55.4|218|42|
62.8|218|44|
70.3|218|45|
76.5|218|46|
54.3|218|49|
61.3|218|50|
40.1|218|51|
62.8|218|52|
60.9|218|55|
42.1|218|56|
43.8|218|57|
78.6|218|59|
66.7|218|60|
47.8|218|61|
49.2|218|62|
46.6|218|63|
71.2|218|64|
54.1|218|66|
66.3|218|68|
52.5|218|69|
36.1|218|72|
59.1|218|74|
38.2|218|77|
53.4|218|78|
42.8|218|79|
69.6|218|81|
69.3|218|82|
65.2|218|83|
57.9|218|85|
46.4|218|86|
60.1|218|87|
46.6|218|88|
53|218|91|
48.6|218|92|
59|218|93|
51.7|218|94|
41.3|218|96|
54.9|218|97|
63.1|218|99|
72.4|218|100|
40.7|218|101|
33.3|218|102|
53.4|218|103|
44.2|218|105|
69.1|218|106|
43.1|218|108|
58.8|218|109|
65.5|218|110|
56.8|218|112|
54.6|218|114|
56.5|218|115|
49|218|116|
46.5|218|117|
44.1|218|118|
48.3|218|119|
49.1|218|121|
74.6|218|122|
73.7|218|123|
58.2|218|124|
51.6|218|125|
52.5|218|126|
52.4|218|128|
74.4|218|129|
54.7|218|131|
45.5|218|133|
62.8|218|134|
56.8|218|137|
58.7|218|138|
59.2|218|140|
61.5|218|142|
55.1|218|143|
35.6|218|144|
63.6|218|148|
47.7|218|149|
59.4|218|150|
43.1|218|152|
63.7|218|153|
62.4|218|154|
62.5|218|155|
48.8|218|158|
58.4|218|159|
65.1|218|161|
44|218|162|
73.7|218|168|
75.1|218|169|
34.5|218|172|
60.1|218|173|
40.2|218|175|
47.4|218|178|
51.9|218|179|
46.2|218|180|
43.2|218|182|
46.6|218|183|
66|218|184|
72.3|218|185|
68.8|218|186|
63.7|218|187|
62.1|218|188|
50.1|218|190|
53|218|191|
30.6|218|192|
40.4|218|193|
36.2|218|194|
25.7|219|0|
48.8|219|1|
50.1|219|2|
59.7|219|6|
46.8|219|7|
72.2|219|8|
72.9|219|9|
51.6|219|10|
62.3|219|12|
48.3|219|13|
55.4|219|15|
68.6|219|16|
52.2|219|18|
57.5|219|20|
56.7|219|21|
34.8|219|22|
63.8|219|23|
51|219|25|
47.7|219|26|
37.8|219|27|
48.5|219|28|
50.8|219|29|
72.3|219|30|
34.8|219|32|
44.2|219|33|
62.3|219|34|
51.2|219|35|
61.6|219|36|
42.9|219|37|
43.1|219|38|
51.9|219|39|
71.2|219|40|
52.3|219|41|
55|219|42|
61.6|219|44|
69.1|219|45|
76.5|219|46|
56.9|219|49|
59.3|219|50|
41.5|219|51|
63.5|219|52|
60.2|219|55|
43.1|219|56|
41.9|219|57|
78.1|219|59|
66.6|219|60|
48.3|219|61|
47.5|219|62|
46.7|219|63|
70.8|219|64|
51.5|219|65|
55.1|219|66|
64|219|68|
49.5|219|69|
37.2|219|72|
59.5|219|74|
60|219|75|
75|219|76|
35.7|219|77|
52.9|219|78|
46.7|219|79|
47.8|219|80|
70.9|219|81|
71.3|219|82|
63.9|219|83|
58.9|219|84|
58.7|219|85|
46.3|219|86|
60.6|219|87|
45.8|219|88|
61|219|90|
55.4|219|91|
48.9|219|92|
59.5|219|93|
47.7|219|94|
36.5|219|95|
45.6|219|96|
54.9|219|97|
62.2|219|99|
72.4|219|100|
41.7|219|101|
35.4|219|102|
53.8|219|103|
52|219|104|
47.3|219|105|
67.7|219|106|
43.7|219|108|
61|219|109|
64.7|219|110|
56.1|219|112|
54.6|219|114|
55.5|219|115|
50.9|219|116|
46.2|219|117|
43.1|219|118|
45.7|219|119|
51.4|219|121|
74.5|219|122|
73|219|123|
61.4|219|124|
49.1|219|125|
47.2|219|126|
51.6|219|128|
74.9|219|129|
56.9|219|131|
45.5|219|133|
63|219|134|
56.9|219|136|
58|219|137|
60.1|219|138|
61.9|219|139|
59.1|219|140|
61.2|219|142|
55.5|219|143|
33.1|219|144|
64.1|219|148|
49.8|219|149|
57.8|219|150|
39.3|219|152|
63.8|219|153|
62.8|219|154|
63.6|219|155|
48.1|219|158|
58.7|219|159|
28.2|219|160|
64|219|161|
43.3|219|162|
73.5|219|168|
75.6|219|169|
55.6|219|171|
34.8|219|172|
60|219|173|
41.9|219|175|
61.9|219|177|
43.9|219|178|
51.3|219|179|
51.2|219|180|
44.3|219|182|
45.6|219|183|
67.9|219|184|
71.6|219|185|
69.4|219|186|
64.4|219|187|
62.6|219|188|
50.5|219|190|
53.5|219|191|
35.3|219|192|
37.6|219|193|
33|219|194|
