29.8|190|0|
64.4|190|1|
57.8|190|2|
70.7|190|6|
63.3|190|7|
86.6|190|8|
79.5|190|9|
73.6|190|12|
38.8|190|13|
73.2|190|14|
80.6|190|16|
61.3|190|17|
34.8|190|18|
54|190|20|
57|190|22|
61.3|190|23|
76.8|190|24|
69.4|190|25|
29.5|190|27|
38.4|190|28|
44.5|190|29|
85|190|30|
32|190|32|
70.3|190|34|
50.1|190|35|
60|190|36|
37.7|190|38|
53.1|190|39|
65.5|190|40|
39.1|190|41|
67|190|42|
67.6|190|43|
73.1|190|44|
73|190|45|
79.9|190|46|
59.3|190|49|
64.2|190|50|
54.6|190|51|
52.9|190|52|
73|190|55|
54.5|190|56|
64|190|58|
78.4|190|59|
78|190|60|
61.9|190|61|
32.8|190|62|
80.1|190|64|
45.4|190|65|
75.3|190|66|
47.7|190|68|
27.8|190|69|
53.7|190|71|
41.2|190|72|
50.8|190|74|
70.4|190|75|
80.4|190|76|
43.1|190|77|
52.5|190|78|
57.7|190|79|
57.4|190|80|
76.4|190|81|
79.2|190|82|
76.9|190|83|
64.1|190|84|
81.6|190|85|
61.6|190|86|
69|190|87|
46.7|190|88|
71.2|190|90|
61.8|190|91|
39.9|190|92|
69.8|190|93|
48.8|190|95|
67.6|190|97|
73.2|190|99|
79.1|190|100|
30.3|190|102|
64.4|190|103|
23.1|190|105|
74.4|190|106|
37.8|190|108|
62|190|109|
65.2|190|110|
65.3|190|112|
58.3|190|114|
45.8|190|116|
21.7|190|117|
35|190|118|
57.9|190|119|
38|190|121|
83|190|122|
82|190|123|
49.4|190|124|
21.3|190|125|
85|190|129|
40.4|190|131|
65.9|190|134|
37.7|190|135|
58.8|190|136|
61.3|190|137|
59|190|138|
71.2|190|139|
71.1|190|140|
75.7|190|141|
70.1|190|142|
73.4|190|143|
24.5|190|144|
62.1|190|145|
43.7|190|147|
69.8|190|148|
37.7|190|149|
70.6|190|150|
27|190|152|
71.8|190|153|
73.9|190|154|
82.9|190|155|
62.5|190|158|
72.8|190|159|
75.4|190|161|
62.5|190|162|
33.2|190|166|
81.6|190|168|
83.2|190|169|
55.8|190|170|
60.3|190|171|
37.3|190|172|
57.4|190|173|
40.5|190|175|
64.5|190|176|
66.7|190|177|
56.9|190|178|
57.9|190|179|
31.2|190|182|
70.5|190|183|
72.4|190|184|
77.5|190|185|
86|190|186|
69.2|190|187|
63.8|190|190|
47.5|190|191|
39.2|190|192|
42.4|190|193|
49.8|190|194|
30.4|191|0|
62.5|191|1|
58.2|191|2|
71.4|191|6|
62.9|191|7|
86.7|191|8|
79.9|191|9|
75.5|191|12|
39.5|191|13|
73.3|191|14|
81|191|16|
61.8|191|17|
35.4|191|18|
54.9|191|20|
57.6|191|22|
62|191|23|
77.3|191|24|
69.1|191|25|
29.8|191|27|
38.8|191|28|
44.2|191|29|
85.3|191|30|
31.4|191|32|
71.2|191|34|
50.9|191|35|
60.3|191|36|
37.1|191|38|
53|191|39|
66.1|191|40|
39.3|191|41|
66.5|191|42|
67|191|43|
73.3|191|44|
72.6|191|45|
80.4|191|46|
59.7|191|49|
64.5|191|50|
55.1|191|51|
53.3|191|52|
72.5|191|55|
54.6|191|56|
64.5|191|58|
78.7|191|59|
79|191|60|
62.3|191|61|
33.5|191|62|
80.9|191|64|
45.9|191|65|
76.3|191|66|
48.4|191|68|
28.3|191|69|
53.3|191|71|
41.6|191|72|
50.7|191|74|
70.2|191|75|
81.7|191|76|
43.6|191|77|
53|191|78|
59.4|191|79|
53.2|191|80|
76.7|191|81|
80|191|82|
77.4|191|83|
64.6|191|84|
82.1|191|85|
62.7|191|86|
68.4|191|87|
46.5|191|88|
67.3|191|90|
61.1|191|91|
40.4|191|92|
69.3|191|93|
48.7|191|95|
68.8|191|97|
72.8|191|99|
79.8|191|100|
31|191|102|
65.2|191|103|
23.8|191|105|
74.9|191|106|
38.3|191|108|
62.7|191|109|
65.5|191|110|
64.2|191|112|
57.5|191|114|
46.4|191|116|
22|191|117|
35.7|191|118|
58.2|191|119|
38.8|191|121|
83.4|191|122|
82.1|191|123|
49.1|191|124|
21.7|191|125|
85.6|191|129|
40.9|191|131|
66.5|191|134|
38.6|191|135|
59.3|191|136|
61.9|191|137|
59.3|191|138|
71.1|191|139|
72|191|140|
75.4|191|141|
68.6|191|142|
72.9|191|143|
21.8|191|144|
62.2|191|145|
43.8|191|147|
70.6|191|148|
37.7|191|149|
70.3|191|150|
26.7|191|152|
72.8|191|153|
73.4|191|154|
81.3|191|155|
63.2|191|158|
73.9|191|159|
76.4|191|161|
63|191|162|
33.7|191|166|
81.8|191|168|
83.4|191|169|
56.2|191|170|
59.8|191|171|
37.4|191|172|
58.3|191|173|
40.8|191|175|
65.1|191|176|
66.8|191|177|
57.5|191|178|
58.3|191|179|
31.2|191|182|
70.1|191|183|
73.5|191|184|
78.7|191|185|
86.2|191|186|
69.7|191|187|
64.8|191|190|
48.4|191|191|
39.6|191|192|
42.1|191|193|
50|191|194|
31.2|192|0|
60.8|192|1|
58.9|192|2|
71.9|192|6|
58.5|192|7|
86.8|192|8|
80.5|192|9|
75.6|192|12|
40.3|192|13|
73.3|192|14|
82.5|192|16|
62.4|192|17|
35.8|192|18|
55.5|192|20|
57.4|192|22|
62.6|192|23|
77.8|192|24|
69.1|192|25|
29.4|192|27|
39.3|192|28|
43.8|192|29|
85.6|192|30|
29.9|192|32|
71.9|192|34|
52|192|35|
61.3|192|36|
36.9|192|38|
53|192|39|
67|192|40|
39.3|192|41|
66.5|192|42|
66.3|192|43|
73.8|192|44|
72.8|192|45|
80.9|192|46|
60.6|192|49|
64.9|192|50|
55.7|192|51|
54.4|192|52|
71.6|192|55|
54.3|192|56|
65.1|192|58|
79.5|192|59|
79.8|192|60|
62.3|192|61|
33.9|192|62|
81.4|192|64|
46.3|192|65|
76.4|192|66|
48.9|192|68|
28.8|192|69|
54.8|192|71|
41.6|192|72|
51.3|192|74|
70.6|192|75|
82|192|76|
44.2|192|77|
53.5|192|78|
60.8|192|79|
54.8|192|80|
77.2|192|81|
80.7|192|82|
78|192|83|
65|192|84|
82.4|192|85|
64.8|192|86|
68.1|192|87|
46.1|192|88|
66.6|192|90|
60.1|192|91|
41|192|92|
67.1|192|93|
48.5|192|95|
69.2|192|97|
71.3|192|99|
80.3|192|100|
31.9|192|102|
66.1|192|103|
24.3|192|105|
75.3|192|106|
39.1|192|108|
63.4|192|109|
66|192|110|
62.2|192|112|
56.1|192|114|
46.8|192|116|
21.5|192|117|
37.1|192|118|
58.6|192|119|
39.5|192|121|
83.5|192|122|
82.6|192|123|
49.3|192|124|
21.7|192|125|
86.2|192|129|
41.5|192|131|
67.3|192|134|
39.3|192|135|
59.7|192|136|
62|192|137|
59.6|192|138|
71.4|192|139|
73.2|192|140|
75.7|192|141|
67.9|192|142|
71.9|192|143|
20|192|144|
62.2|192|145|
44.1|192|147|
71.1|192|148|
37.8|192|149|
68.8|192|150|
26|192|152|
73.9|192|153|
73.3|192|154|
76.7|192|155|
64|192|158|
74.6|192|159|
77.2|192|161|
63.5|192|162|
34.5|192|166|
82.1|192|168|
83.6|192|169|
56.8|192|170|
57.7|192|171|
37.2|192|172|
58.9|192|173|
40|192|175|
65.3|192|176|
67.4|192|177|
58.3|192|178|
58.9|192|179|
30.5|192|182|
69.2|192|183|
73.8|192|184|
80.1|192|185|
70|192|187|
65.4|192|190|
49.6|192|191|
39.5|192|192|
42|192|193|
48.5|192|194|
30.8|193|0|
61.1|193|1|
59.3|193|2|
72.5|193|6|
59|193|7|
87.2|193|8|
80.9|193|9|
76.4|193|12|
41.1|193|13|
73.7|193|14|
83.8|193|16|
62.7|193|17|
36.5|193|18|
56.2|193|20|
57.3|193|22|
63.4|193|23|
78.3|193|24|
69|193|25|
29.4|193|27|
39.7|193|28|
43.2|193|29|
85.4|193|30|
29.9|193|32|
71.2|193|34|
53|193|35|
62.1|193|36|
36.4|193|38|
52.4|193|39|
67.6|193|40|
39.3|193|41|
66.7|193|42|
65.6|193|43|
77.5|193|44|
73.5|193|45|
81.5|193|46|
61.3|193|49|
65.3|193|50|
56.3|193|51|
55.5|193|52|
70.9|193|55|
53.8|193|56|
65.5|193|58|
79.9|193|59|
80.4|193|60|
62.5|193|61|
34.3|193|62|
82.4|193|64|
46.7|193|65|
76.2|193|66|
49.5|193|68|
29.3|193|69|
56.1|193|71|
41.6|193|72|
51.9|193|74|
72|193|75|
82.1|193|76|
44.9|193|77|
54.1|193|78|
61.9|193|79|
56.3|193|80|
78.1|193|81|
81.3|193|82|
78.6|193|83|
66|193|84|
82.9|193|85|
65.9|193|86|
67.5|193|87|
45.6|193|88|
69.5|193|90|
58.8|193|91|
41.5|193|92|
66.1|193|93|
47.8|193|95|
69.5|193|97|
70.1|193|99|
80.8|193|100|
32.7|193|102|
66.8|193|103|
25|193|105|
75.7|193|106|
40.3|193|108|
63.9|193|109|
66.4|193|110|
62|193|112|
54.7|193|114|
47.4|193|116|
22.1|193|117|
37.7|193|118|
58.6|193|119|
40|193|121|
84|193|122|
83.8|193|123|
49.9|193|124|
22.1|193|125|
87|193|129|
41.8|193|131|
68|193|134|
40.4|193|135|
60.7|193|136|
62.5|193|137|
59.9|193|138|
72.5|193|139|
74.6|193|140|
76.8|193|141|
67.8|193|142|
71.1|193|143|
19.5|193|144|
62.7|193|145|
44.4|193|147|
71.5|193|148|
37.7|193|149|
68.5|193|150|
26.6|193|152|
75|193|153|
73.7|193|154|
75.9|193|155|
64.6|193|158|
75.6|193|159|
78.2|193|161|
63.7|193|162|
35.3|193|166|
84|193|168|
84.1|193|169|
57.1|193|170|
56|193|171|
37.2|193|172|
59.7|193|173|
39.1|193|175|
65.7|193|176|
67.6|193|177|
58.9|193|178|
59.7|193|179|
31.2|193|182|
68.1|193|183|
74.5|193|184|
81.3|193|185|
87.2|193|186|
70.3|193|187|
65.6|193|190|
50.6|193|191|
39.8|193|192|
42.2|193|193|
48|193|194|
30.3|194|0|
61.7|194|1|
59.7|194|2|
72.9|194|6|
60|194|7|
87.5|194|8|
81.3|194|9|
76.8|194|12|
41.9|194|13|
74.3|194|14|
84.5|194|16|
62.7|194|17|
36.8|194|18|
57|194|20|
56.7|194|22|
64.2|194|23|
78.8|194|24|
69.1|194|25|
29.1|194|27|
37.4|194|28|
43|194|29|
85.9|194|30|
30|194|32|
71.7|194|34|
53.7|194|35|
62.8|194|36|
33.4|194|38|
52.1|194|39|
68.2|194|40|
39.5|194|41|
68.1|194|42|
65.2|194|43|
77.9|194|44|
74.4|194|45|
82.4|194|46|
61.8|194|49|
65.7|194|50|
56.9|194|51|
56.4|194|52|
71.3|194|55|
53.1|194|56|
66|194|58|
80.9|194|59|
81.8|194|60|
62.8|194|61|
34.6|194|62|
82.9|194|64|
46.9|194|65|
76.6|194|66|
50|194|68|
29.7|194|69|
57.1|194|71|
41.3|194|72|
52.3|194|74|
73.3|194|75|
82.6|194|76|
45.6|194|77|
55.1|194|78|
62.9|194|79|
56.6|194|80|
78.9|194|81|
81.8|194|82|
79.4|194|83|
66.2|194|84|
83.5|194|85|
66.9|194|86|
66.7|194|87|
45.4|194|88|
72.2|194|90|
56.9|194|91|
42.5|194|92|
66.1|194|93|
47.9|194|95|
70|194|97|
69.7|194|99|
81.2|194|100|
32.3|194|102|
67.6|194|103|
25.6|194|105|
76|194|106|
41.5|194|108|
64.4|194|109|
67|194|110|
59.8|194|112|
54.9|194|114|
48.5|194|116|
22.8|194|117|
38.4|194|118|
58.6|194|119|
40.7|194|121|
86.4|194|122|
84.7|194|123|
51.3|194|124|
22.6|194|125|
88.5|194|129|
42.3|194|131|
68.4|194|134|
40.5|194|135|
61.5|194|136|
63.6|194|137|
60.3|194|138|
73.4|194|139|
75.3|194|140|
78|194|141|
68.1|194|142|
70.2|194|143|
18.9|194|144|
60.6|194|145|
44.9|194|147|
71.9|194|148|
37.7|194|149|
68.9|194|150|
26.5|194|152|
76.2|194|153|
74.3|194|154|
76.2|194|155|
64.8|194|158|
76.7|194|159|
79.1|194|161|
64.6|194|162|
35.9|194|166|
84.9|194|168|
84.4|194|169|
57.6|194|170|
52.7|194|171|
37.1|194|172|
60.4|194|173|
39.7|194|175|
66.4|194|176|
68|194|177|
60|194|178|
59.9|194|179|
31.4|194|182|
66.8|194|183|
75.5|194|184|
82.7|194|185|
87.5|194|186|
70.9|194|187|
65.7|194|190|
51.7|194|191|
39.8|194|192|
41.8|194|193|
47.8|194|194|
32.7|195|0|
62.9|195|1|
60.2|195|2|
73.1|195|6|
60.4|195|7|
88.3|195|8|
81.7|195|9|
61.2|195|10|
77.5|195|12|
42.7|195|13|
74.7|195|14|
65.6|195|15|
85.1|195|16|
62.7|195|17|
37.3|195|18|
57.8|195|20|
57.3|195|22|
65.1|195|23|
79.1|195|24|
69.7|195|25|
28.7|195|27|
38.7|195|28|
42.9|195|29|
86.1|195|30|
30.4|195|32|
72.5|195|34|
54.9|195|35|
63.3|195|36|
33.3|195|38|
50.5|195|39|
68.7|195|40|
39.7|195|41|
69.6|195|42|
65.4|195|43|
78.3|195|44|
75.3|195|45|
83.1|195|46|
35.3|195|47|
62.4|195|49|
66.1|195|50|
57.6|195|51|
57.3|195|52|
72.4|195|55|
52.6|195|56|
66.6|195|58|
81.6|195|59|
82.5|195|60|
63|195|61|
35|195|62|
83.4|195|64|
47.2|195|65|
76.8|195|66|
50.7|195|68|
30.2|195|69|
57.8|195|71|
42.1|195|72|
52.9|195|74|
74.1|195|75|
82.9|195|76|
46.3|195|77|
56|195|78|
64|195|79|
56.9|195|80|
79.5|195|81|
82.4|195|82|
80|195|83|
66.5|195|84|
84|195|85|
68.3|195|86|
66.4|195|87|
45.3|195|88|
74.8|195|90|
56.3|195|91|
42.7|195|92|
67.3|195|93|
47.5|195|95|
70.4|195|97|
70.3|195|99|
81.7|195|100|
36.3|195|102|
68.3|195|103|
54.6|195|104|
26.2|195|105|
76.4|195|106|
42.2|195|108|
64.9|195|109|
67.2|195|110|
60.5|195|112|
55.3|195|114|
48.9|195|116|
23.5|195|117|
38.8|195|118|
58.1|195|119|
41.1|195|121|
86.2|195|122|
85.3|195|123|
52.3|195|124|
23|195|125|
88.3|195|129|
42.8|195|131|
68.8|195|134|
41.4|195|135|
62.2|195|136|
64.6|195|137|
60.7|195|138|
74|195|139|
76|195|140|
78.9|195|141|
68.7|195|142|
70.1|195|143|
22.8|195|144|
61.1|195|145|
45.2|195|147|
72.3|195|148|
37.8|195|149|
69.5|195|150|
26.8|195|152|
77.1|195|153|
75.1|195|154|
78.2|195|155|
65.2|195|158|
77.8|195|159|
80|195|161|
65|195|162|
36.7|195|166|
85.7|195|168|
84.8|195|169|
57.9|195|170|
53.2|195|171|
37.2|195|172|
61.1|195|173|
41|195|175|
66.7|195|176|
68.6|195|177|
60.7|195|178|
60.7|195|179|
32|195|182|
66.4|195|183|
76.4|195|184|
83.9|195|185|
87.8|195|186|
71.1|195|187|
66|195|190|
52.9|195|191|
39.3|195|192|
41.9|195|193|
47.2|195|194|
33.1|196|0|
63.9|196|1|
61|196|2|
73.8|196|6|
61.4|196|7|
88.6|196|8|
82|196|9|
61.2|196|10|
77.9|196|12|
43.6|196|13|
75.1|196|14|
66.1|196|15|
85.7|196|16|
62.7|196|17|
37.7|196|18|
58.5|196|20|
57.2|196|22|
65.7|196|23|
79.4|196|24|
70.3|196|25|
28.3|196|27|
39.1|196|28|
42.8|196|29|
86.3|196|30|
30.1|196|32|
73.2|196|34|
55.8|196|35|
64.3|196|36|
33.7|196|38|
50.3|196|39|
69|196|40|
40.1|196|41|
70.8|196|42|
66.5|196|43|
78.6|196|44|
76.7|196|45|
83.7|196|46|
35.1|196|47|
63|196|49|
66.3|196|50|
58.4|196|51|
58.1|196|52|
73.4|196|55|
51.9|196|56|
66.8|196|58|
82.3|196|59|
83|196|60|
63.2|196|61|
35.6|196|62|
83.9|196|64|
47.3|196|65|
77.2|196|66|
51.5|196|68|
30.6|196|69|
58.9|196|71|
42.6|196|72|
53.4|196|74|
74.6|196|75|
83.4|196|76|
47.1|196|77|
57.4|196|78|
64.7|196|79|
57.5|196|80|
80.1|196|81|
82.8|196|82|
80.6|196|83|
66.8|196|84|
84.5|196|85|
68.5|196|86|
66.6|196|87|
45.2|196|88|
77.2|196|90|
56.8|196|91|
44|196|92|
68|196|93|
47|196|95|
70.9|196|97|
71.2|196|99|
82.6|196|100|
36.6|196|102|
69.5|196|103|
55.9|196|104|
27.1|196|105|
76.7|196|106|
43.1|196|108|
65.3|196|109|
67.9|196|110|
60.2|196|112|
56|196|114|
49.9|196|116|
25.8|196|117|
39.4|196|118|
57.1|196|119|
42.1|196|121|
86.6|196|122|
85.6|196|123|
53.3|196|124|
23.6|196|125|
88.8|196|129|
43.3|196|131|
69.4|196|134|
42.1|196|135|
62.9|196|136|
65.1|196|137|
61.5|196|138|
74.8|196|139|
76.7|196|140|
80.1|196|141|
69.5|196|142|
70.2|196|143|
26|196|144|
61.9|196|145|
45.8|196|147|
72.8|196|148|
37.9|196|149|
69.8|196|150|
27.5|196|152|
78|196|153|
75.4|196|154|
78.8|196|155|
64.9|196|158|
78.9|196|159|
80.6|196|161|
65.5|196|162|
37.5|196|166|
86.4|196|168|
85.4|196|169|
58.3|196|170|
51.7|196|171|
37.4|196|172|
61.9|196|173|
41.8|196|175|
66.7|196|176|
69.1|196|177|
61.6|196|178|
61.5|196|179|
33.6|196|182|
66.1|196|183|
76.5|196|184|
84.4|196|185|
87.9|196|186|
71.7|196|187|
66.2|196|190|
54|196|191|
40.8|196|192|
41.9|196|193|
47.1|196|194|
33.5|197|0|
63.9|197|1|
61.9|197|2|
74.6|197|6|
62.5|197|7|
88.9|197|8|
82.4|197|9|
61.8|197|10|
78.1|197|12|
44.4|197|13|
75.7|197|14|
66.7|197|15|
86.2|197|16|
63|197|17|
38.1|197|18|
58.7|197|20|
57.5|197|22|
66.4|197|23|
79.7|197|24|
70.4|197|25|
28.3|197|27|
39.7|197|28|
42.9|197|29|
86.3|197|30|
30.4|197|32|
73.9|197|34|
56.6|197|35|
65.1|197|36|
33.4|197|38|
50.6|197|39|
69.6|197|40|
40.3|197|41|
72|197|42|
66.9|197|43|
78.9|197|44|
77.4|197|45|
84.3|197|46|
35.5|197|47|
63.7|197|49|
66.7|197|50|
59.1|197|51|
59|197|52|
74.7|197|55|
50.7|197|56|
66.7|197|58|
83.2|197|59|
83.4|197|60|
63.3|197|61|
36.2|197|62|
84.4|197|64|
47.5|197|65|
77.7|197|66|
52.3|197|68|
31.4|197|69|
59.4|197|71|
43|197|72|
54|197|74|
74.7|197|75|
84.1|197|76|
47.7|197|77|
58.7|197|78|
65.3|197|79|
58.3|197|80|
80.9|197|81|
83.6|197|82|
81.4|197|83|
66.9|197|84|
84.8|197|85|
68.9|197|86|
66.9|197|87|
44.9|197|88|
77.5|197|90|
57.6|197|91|
44.7|197|92|
69.2|197|93|
46.3|197|95|
71.6|197|97|
72.4|197|99|
83.5|197|100|
36.7|197|102|
70.6|197|103|
57.3|197|104|
28.1|197|105|
77.2|197|106|
43|197|108|
65.7|197|109|
68.5|197|110|
60.4|197|112|
56.6|197|114|
50.3|197|116|
27.1|197|117|
40|197|118|
56.3|197|119|
42.7|197|121|
86.6|197|122|
86.1|197|123|
54.2|197|124|
24|197|125|
89.4|197|129|
43.6|197|131|
70|197|134|
42.5|197|135|
63.3|197|136|
65.7|197|137|
61.9|197|138|
75.9|197|139|
77.3|197|140|
80.6|197|141|
69.5|197|142|
70.4|197|143|
28.8|197|144|
62.1|197|145|
46.2|197|147|
73.2|197|148|
38|197|149|
70.5|197|150|
27.8|197|152|
79.1|197|153|
75.6|197|154|
79.6|197|155|
64.4|197|158|
80|197|159|
81|197|161|
66.2|197|162|
38.5|197|166|
87.4|197|168|
86.4|197|169|
58.7|197|170|
52.2|197|171|
37.5|197|172|
62.5|197|173|
42.5|197|175|
66.7|197|176|
69.9|197|177|
62.3|197|178|
62.4|197|179|
35|197|182|
66.3|197|183|
76.6|197|184|
84.9|197|185|
72.7|197|187|
66.6|197|190|
53.9|197|191|
41.8|197|192|
42|197|193|
46.6|197|194|
33.9|198|0|
64.9|198|1|
62.9|198|2|
75.2|198|6|
63.7|198|7|
89.2|198|8|
82.8|198|9|
62.7|198|10|
78.4|198|12|
45.3|198|13|
75.6|198|14|
67.1|198|15|
86.6|198|16|
63.1|198|17|
38.5|198|18|
59.9|198|20|
57.7|198|22|
67|198|23|
79.8|198|24|
71|198|25|
28.7|198|27|
40.2|198|28|
43.4|198|29|
86.1|198|30|
30.6|198|32|
74.1|198|34|
57.4|198|35|
65.8|198|36|
33.4|198|38|
51.1|198|39|
70.2|198|40|
40.3|198|41|
73.1|198|42|
67.2|198|43|
79.7|198|44|
77.5|198|45|
84.9|198|46|
35.6|198|47|
64.3|198|49|
67|198|50|
59.2|198|51|
59.8|198|52|
75.9|198|55|
49.3|198|56|
66.7|198|58|
84|198|59|
83.9|198|60|
63.6|198|61|
36.8|198|62|
85.3|198|64|
47.6|198|65|
78.7|198|66|
53.1|198|68|
32.1|198|69|
59.7|198|71|
43.3|198|72|
54.5|198|74|
75.4|198|75|
85.1|198|76|
48.4|198|77|
58.7|198|78|
65.9|198|79|
59.7|198|80|
84.1|198|81|
84.3|198|82|
81.9|198|83|
67|198|84|
84.7|198|85|
69.3|198|86|
67.2|198|87|
44.8|198|88|
78.1|198|90|
58|198|91|
45.4|198|92|
70.5|198|93|
45.3|198|95|
71.9|198|97|
73.6|198|99|
84.3|198|100|
36.8|198|102|
70.9|198|103|
58.7|198|104|
29.1|198|105|
78|198|106|
43.8|198|108|
66.3|198|109|
69.3|198|110|
60.4|198|112|
57.4|198|114|
51.1|198|116|
28.3|198|117|
40.5|198|118|
55.6|198|119|
43.2|198|121|
86.8|198|122|
86.4|198|123|
55.1|198|124|
24.8|198|125|
90.6|198|129|
44|198|131|
70.8|198|134|
42.8|198|135|
63.8|198|136|
66.7|198|137|
62.3|198|138|
76.9|198|139|
78|198|140|
81|198|141|
69.7|198|142|
70.3|198|143|
30.3|198|144|
62.8|198|145|
46.7|198|147|
73.7|198|148|
38.3|198|149|
70.8|198|150|
28.3|198|152|
79.6|198|153|
76.2|198|154|
80.5|198|155|
63.8|198|158|
79.7|198|159|
81.4|198|161|
66.9|198|162|
39.1|198|166|
88.8|198|168|
87.4|198|169|
59|198|170|
52.6|198|171|
38.2|198|172|
63|198|173|
42.4|198|175|
67|198|176|
69.8|198|177|
63.5|198|178|
63.5|198|179|
36.5|198|182|
66.5|198|183|
76.9|198|184|
85.5|198|185|
88.4|198|186|
73.5|198|187|
66.8|198|190|
55.9|198|191|
43|198|192|
41.9|198|193|
46.1|198|194|
34.3|199|0|
66|199|1|
63.8|199|2|
38.4|199|4|
76.3|199|6|
64.4|199|7|
89.5|199|8|
83.4|199|9|
63.4|199|10|
78.6|199|12|
46.2|199|13|
76.4|199|14|
67.6|199|15|
86.8|199|16|
63.6|199|17|
39.1|199|18|
60.8|199|20|
57.9|199|22|
67.5|199|23|
80.4|199|24|
70.9|199|25|
28.8|199|27|
40.7|199|28|
43.4|199|29|
86.4|199|30|
30.8|199|32|
74.7|199|34|
58.3|199|35|
65.8|199|36|
33.1|199|38|
50|199|39|
70.6|199|40|
40.8|199|41|
74|199|42|
67.9|199|43|
79.7|199|44|
78.4|199|45|
86.1|199|46|
36|199|47|
64.8|199|49|
66.7|199|50|
60.5|199|51|
60|199|52|
76.6|199|55|
48.3|199|56|
67.2|199|58|
84.8|199|59|
84.4|199|60|
63.1|199|61|
37.6|199|62|
86.1|199|64|
47.8|199|65|
78.9|199|66|
53.9|199|68|
32.8|199|69|
60.1|199|71|
43.7|199|72|
54.8|199|74|
76.1|199|75|
85.5|199|76|
49.2|199|77|
59.5|199|78|
66.4|199|79|
60.4|199|80|
84.9|199|81|
85|199|82|
82.4|199|83|
67.2|199|84|
85|199|85|
69.6|199|86|
67.6|199|87|
44.7|199|88|
78.6|199|90|
58.7|199|91|
46.2|199|92|
71.6|199|93|
44.5|199|95|
36.1|199|96|
72.3|199|97|
74.4|199|99|
85.6|199|100|
36.8|199|102|
71.5|199|103|
60.1|199|104|
30.2|199|105|
78.5|199|106|
44.5|199|108|
66.8|199|109|
69.8|199|110|
60.7|199|112|
58.1|199|114|
52|199|116|
29.4|199|117|
41.4|199|118|
54.6|199|119|
43.9|199|121|
87.1|199|122|
86.5|199|123|
56|199|124|
25.1|199|125|
91.1|199|129|
44.5|199|131|
71.3|199|134|
43.1|199|135|
64.1|199|136|
67.7|199|137|
62.7|199|138|
77.8|199|139|
77.9|199|140|
81.4|199|141|
70.3|199|142|
71|199|143|
32.2|199|144|
63.3|199|145|
47.4|199|147|
73.9|199|148|
38.5|199|149|
70.3|199|150|
28.9|199|152|
80.7|199|153|
76.2|199|154|
81.9|199|155|
49|199|156|
63.3|199|158|
80.8|199|159|
81.9|199|161|
67.7|199|162|
39.7|199|166|
89.3|199|168|
88.1|199|169|
58.9|199|170|
53|199|171|
38.8|199|172|
64|199|173|
42.5|199|175|
67|199|176|
71.7|199|177|
64.5|199|178|
64.3|199|179|
38.1|199|182|
66.7|199|183|
77.6|199|184|
86.1|199|185|
88.5|199|186|
73.7|199|187|
67|199|190|
56.6|199|191|
42.3|199|192|
42.4|199|193|
45.7|199|194|
34.5|200|0|
66.7|200|1|
64.6|200|2|
75.9|200|3|
39.4|200|4|
77|200|6|
64.9|200|7|
89.8|200|8|
83.8|200|9|
64.1|200|10|
78.7|200|11|
79.2|200|12|
47|200|13|
77.1|200|14|
68.2|200|15|
87.3|200|16|
64.3|200|17|
39.8|200|18|
61.6|200|20|
66.9|200|21|
57.8|200|22|
68.4|200|23|
80.5|200|24|
71.2|200|25|
28.6|200|26|
29.3|200|27|
41.9|200|28|
43.9|200|29|
86.8|200|30|
56.4|200|31|
30.7|200|32|
29.8|200|33|
75.3|200|34|
59.1|200|35|
66.2|200|36|
45.7|200|37|
33.3|200|38|
49.5|200|39|
71.1|200|40|
40.7|200|41|
74.9|200|42|
68.6|200|43|
79.9|200|44|
79.6|200|45|
86.3|200|46|
36.1|200|47|
69.4|200|48|
65.3|200|49|
66.9|200|50|
61.1|200|51|
60.8|200|52|
52|200|53|
78|200|55|
46.8|200|56|
28.3|200|57|
67.5|200|58|
85.8|200|59|
84.2|200|60|
62.7|200|61|
38.2|200|62|
66.9|200|63|
86.9|200|64|
48.3|200|65|
79.6|200|66|
54.6|200|68|
33.5|200|69|
60.6|200|71|
44|200|72|
55.5|200|74|
76.9|200|75|
86.1|200|76|
49.7|200|77|
60.4|200|78|
67.1|200|79|
60.8|200|80|
85.7|200|81|
85.3|200|82|
83|200|83|
66.9|200|84|
85.5|200|85|
70.2|200|86|
68.5|200|87|
44.6|200|88|
56.4|200|89|
78.6|200|90|
59.4|200|91|
46.6|200|92|
72.8|200|93|
44.4|200|95|
42.2|200|96|
72.8|200|97|
86.2|200|98|
75.5|200|99|
86|200|100|
45.6|200|101|
36.2|200|102|
72.4|200|103|
61|200|104|
30.8|200|105|
78.7|200|106|
44.6|200|108|
67.4|200|109|
70.5|200|110|
54.1|200|111|
60.9|200|112|
58.9|200|114|
53.1|200|116|
30.1|200|117|
42.4|200|118|
54.3|200|119|
44.6|200|121|
87.6|200|122|
87|200|123|
56.8|200|124|
25.3|200|125|
66.9|200|128|
91.7|200|129|
70.4|200|130|
44.9|200|131|
73.6|200|132|
71.9|200|134|
43.6|200|135|
64|200|136|
67.9|200|137|
63.1|200|138|
78.5|200|139|
78.5|200|140|
81.6|200|141|
70.9|200|142|
72.1|200|143|
33.7|200|144|
63.8|200|145|
48|200|147|
74.4|200|148|
39|200|149|
71|200|150|
71.2|200|151|
29.8|200|152|
81.8|200|153|
76.3|200|154|
82.4|200|155|
47.6|200|156|
62.9|200|158|
81.7|200|159|
82.5|200|161|
68.7|200|162|
69.4|200|164|
67.4|200|165|
40.3|200|166|
89.7|200|168|
88.9|200|169|
59|200|170|
53.8|200|171|
39.5|200|172|
64.9|200|173|
50.5|200|174|
42.6|200|175|
66.6|200|176|
72.1|200|177|
65.3|200|178|
65.5|200|179|
39.5|200|182|
67.1|200|183|
78.2|200|184|
86.7|200|185|
88.1|200|186|
74.2|200|187|
59.6|200|188|
67.2|200|190|
57.8|200|191|
43.2|200|192|
42.8|200|193|
45.2|200|194|
34.7|201|0|
67.3|201|1|
65.5|201|2|
76.7|201|3|
40.4|201|4|
77.5|201|6|
65.3|201|7|
90|201|8|
84.9|201|9|
64.9|201|10|
78.8|201|11|
79.2|201|12|
47.9|201|13|
77|201|14|
68.9|201|15|
87.6|201|16|
64.7|201|17|
41|201|18|
61.9|201|20|
67.5|201|21|
58|201|22|
69.1|201|23|
80.6|201|24|
72.2|201|25|
29|201|26|
29.4|201|27|
43.4|201|28|
45.5|201|29|
87.2|201|30|
56.6|201|31|
31.1|201|32|
30.6|201|33|
76.4|201|34|
59.9|201|35|
66.4|201|36|
46.2|201|37|
33.3|201|38|
50.1|201|39|
71.4|201|40|
40.8|201|41|
76.1|201|42|
69.2|201|43|
80.5|201|44|
80.6|201|45|
87.6|201|46|
37|201|47|
69.8|201|48|
65.7|201|49|
67.4|201|50|
61.6|201|51|
61.2|201|52|
52.3|201|53|
79|201|55|
45.7|201|56|
29.8|201|57|
67.5|201|58|
86.4|201|59|
84.5|201|60|
63|201|61|
38.9|201|62|
67.3|201|63|
87.6|201|64|
48.2|201|65|
80.6|201|66|
55.3|201|68|
34.1|201|69|
60.9|201|71|
44.2|201|72|
55.9|201|74|
77.7|201|75|
86.7|201|76|
50.2|201|77|
61|201|78|
67.8|201|79|
61.5|201|80|
86.3|201|81|
85.7|201|82|
83.7|201|83|
68|201|84|
85.9|201|85|
70.8|201|86|
70|201|87|
45|201|88|
58.2|201|89|
78.5|201|90|
60.2|201|91|
47.1|201|92|
74.5|201|93|
44.5|201|95|
42.1|201|96|
73.3|201|97|
86.8|201|98|
76.7|201|99|
86.5|201|100|
46.2|201|101|
36.2|201|102|
72.2|201|103|
61.6|201|104|
32.1|201|105|
79.3|201|106|
44.6|201|108|
68.3|201|109|
70.8|201|110|
54.7|201|111|
61.8|201|112|
60|201|114|
54.2|201|116|
31.4|201|117|
43.2|201|118|
54.2|201|119|
44.6|201|121|
88|201|122|
87.4|201|123|
57.5|201|124|
25.9|201|125|
67.3|201|128|
91.6|201|129|
71.6|201|130|
45.6|201|131|
74.1|201|132|
72.2|201|134|
44.1|201|135|
64.8|201|136|
68.8|201|137|
63.4|201|138|
79.1|201|139|
79|201|140|
81.7|201|141|
71.5|201|142|
72.7|201|143|
34.6|201|144|
64.5|201|145|
48.9|201|147|
74.7|201|148|
40.6|201|149|
71.6|201|150|
70.8|201|151|
30.2|201|152|
82.2|201|153|
76.5|201|154|
83.5|201|155|
48|201|156|
61|201|158|
82.4|201|159|
82.8|201|161|
69.3|201|162|
69.1|201|164|
67.8|201|165|
40.9|201|166|
90|201|168|
89.1|201|169|
59.7|201|170|
54.8|201|171|
40.2|201|172|
65.7|201|173|
51.2|201|174|
42.7|201|175|
67|201|176|
72.9|201|177|
66.1|201|178|
66.1|201|179|
40.3|201|182|
68.1|201|183|
78.7|201|184|
87.1|201|185|
88.4|201|186|
74.5|201|187|
60.3|201|188|
68|201|190|
58.6|201|191|
44.9|201|192|
43.6|201|193|
45.3|201|194|
37.8|202|0|
68|202|1|
66.6|202|2|
78|202|3|
41.9|202|4|
77|202|6|
66.3|202|7|
90.3|202|8|
83.8|202|9|
65.8|202|10|
79|202|11|
79.2|202|12|
48.5|202|13|
77.4|202|14|
69.6|202|15|
87.9|202|16|
65.5|202|17|
41.9|202|18|
62.5|202|20|
68.1|202|21|
57.6|202|22|
69.8|202|23|
80.9|202|24|
72.9|202|25|
29.6|202|26|
30.4|202|27|
45.3|202|28|
45.7|202|29|
87.7|202|30|
57.6|202|31|
31.4|202|32|
31.1|202|33|
76.7|202|34|
61|202|35|
66.7|202|36|
46.7|202|37|
34|202|38|
50.4|202|39|
71.7|202|40|
40.9|202|41|
76.7|202|42|
69.3|202|43|
81.4|202|44|
81.3|202|45|
88.3|202|46|
37.6|202|47|
69.7|202|48|
66.2|202|49|
67.9|202|50|
62.1|202|51|
61.9|202|52|
53.6|202|53|
79.9|202|55|
44.5|202|56|
30.6|202|57|
67.8|202|58|
86.7|202|59|
84.5|202|60|
63.2|202|61|
39.2|202|62|
67.8|202|63|
88.3|202|64|
48.7|202|65|
81.8|202|66|
71.1|202|67|
56|202|68|
35.1|202|69|
61.2|202|71|
44.4|202|72|
56.4|202|74|
78.4|202|75|
87.6|202|76|
50.8|202|77|
61.6|202|78|
68.3|202|79|
61.6|202|80|
87.1|202|81|
86.5|202|82|
84.2|202|83|
68.3|202|84|
86.2|202|85|
70.6|202|86|
71.3|202|87|
45|202|88|
58|202|89|
78.8|202|90|
60.4|202|91|
48|202|92|
76|202|93|
44|202|95|
42.3|202|96|
73.7|202|97|
87.3|202|98|
77.8|202|99|
86.9|202|100|
45.7|202|101|
36.3|202|102|
72.4|202|103|
61.9|202|104|
33|202|105|
79.7|202|106|
45.1|202|108|
68.8|202|109|
71.4|202|110|
55.3|202|111|
62.8|202|112|
60.9|202|114|
55.3|202|116|
32|202|117|
44.1|202|118|
54|202|119|
45.6|202|121|
87.9|202|122|
88.2|202|123|
58.1|202|124|
26.3|202|125|
67.9|202|128|
91.8|202|129|
72.5|202|130|
46.4|202|131|
74.5|202|132|
72.8|202|134|
44.6|202|135|
65.8|202|136|
68.8|202|137|
63.9|202|138|
79.9|202|139|
79.2|202|140|
82.2|202|141|
72.4|202|142|
73.3|202|143|
36.1|202|144|
65.3|202|145|
49.4|202|147|
74.9|202|148|
41|202|149|
72|202|150|
70.9|202|151|
31.9|202|152|
83|202|153|
77.2|202|154|
84.3|202|155|
48.6|202|156|
61.8|202|158|
83.2|202|159|
83|202|161|
69.9|202|162|
69.2|202|164|
68.3|202|165|
41.5|202|166|
90.3|202|168|
89.1|202|169|
60|202|170|
55.9|202|171|
41.2|202|172|
66.5|202|173|
52.2|202|174|
42.8|202|175|
67.6|202|176|
73|202|177|
66.6|202|178|
67.2|202|179|
41.8|202|182|
68.9|202|183|
79.3|202|184|
87.4|202|185|
88.6|202|186|
74.7|202|187|
61|202|188|
68.8|202|190|
59.4|202|191|
45.6|202|192|
44.5|202|193|
44.4|202|194|
38.7|203|0|
68.7|203|1|
67.6|203|2|
82|203|3|
42.8|203|4|
77.5|203|6|
67.2|203|7|
90.4|203|8|
84.2|203|9|
66.7|203|10|
78.9|203|11|
79.3|203|12|
49.2|203|13|
77.8|203|14|
70.4|203|15|
88.2|203|16|
66.3|203|17|
42.6|203|18|
62.9|203|20|
68.6|203|21|
58.3|203|22|
69.4|203|23|
81.5|203|24|
73.8|203|25|
30.3|203|26|
31.2|203|27|
46.6|203|28|
46.3|203|29|
88.2|203|30|
58|203|31|
31.4|203|32|
31|203|33|
77.3|203|34|
62.2|203|35|
66.6|203|36|
47.3|203|37|
34.9|203|38|
50.4|203|39|
72|203|40|
41.1|203|41|
77.3|203|42|
70.4|203|43|
82.2|203|44|
82.2|203|45|
89.4|203|46|
38.6|203|47|
70.2|203|48|
66.3|203|49|
68.2|203|50|
62.3|203|51|
62.5|203|52|
53.5|203|53|
80.6|203|55|
44|203|56|
31|203|57|
67.9|203|58|
87|203|59|
84.8|203|60|
63.3|203|61|
40|203|62|
68.8|203|63|
88.9|203|64|
48.9|203|65|
82.5|203|66|
71.9|203|67|
56.4|203|68|
33.8|203|69|
60.9|203|71|
44.7|203|72|
56.9|203|74|
79.3|203|75|
88.2|203|76|
52.1|203|77|
62.3|203|78|
69|203|79|
60.4|203|80|
87.9|203|81|
86.5|203|82|
84.7|203|83|
67.8|203|84|
86.5|203|85|
71.1|203|86|
72.5|203|87|
46.2|203|88|
58.6|203|89|
79.1|203|90|
61.1|203|91|
48.8|203|92|
77.4|203|93|
43.8|203|95|
40.2|203|96|
74.5|203|97|
87.8|203|98|
79|203|99|
87|203|100|
46.6|203|101|
36.7|203|102|
73.1|203|103|
63.3|203|104|
34.3|203|105|
80.4|203|106|
45.5|203|108|
69.7|203|109|
72|203|110|
56|203|111|
64.1|203|112|
62.2|203|114|
74.1|203|115|
56.4|203|116|
33.4|203|117|
45.1|203|118|
54.2|203|119|
46.1|203|121|
88.3|203|122|
88.5|203|123|
58.4|203|124|
26.8|203|125|
45.2|203|126|
68.6|203|128|
92.4|203|129|
73.5|203|130|
47.2|203|131|
74.7|203|132|
73|203|134|
45|203|135|
65.7|203|136|
68.7|203|137|
64.3|203|138|
80.4|203|139|
79.6|203|140|
83|203|141|
73.2|203|142|
74|203|143|
37.4|203|144|
65.8|203|145|
50.2|203|147|
75.6|203|148|
41.8|203|149|
72.6|203|150|
71.3|203|151|
32.9|203|152|
83.9|203|153|
77.7|203|154|
85|203|155|
49.2|203|156|
61.7|203|158|
83.9|203|159|
83.3|203|161|
70.8|203|162|
69.4|203|164|
69|203|165|
42.1|203|166|
90.8|203|168|
89.6|203|169|
61|203|170|
57.1|203|171|
42.1|203|172|
67.4|203|173|
52.5|203|174|
43.2|203|175|
68.5|203|176|
74.4|203|177|
67.3|203|178|
67.9|203|179|
42.7|203|182|
69.9|203|183|
79.8|203|184|
87.8|203|185|
88.9|203|186|
75|203|187|
61.5|203|188|
68.7|203|190|
60.3|203|191|
46.4|203|192|
45.5|203|193|
43|203|194|
40|204|0|
69.2|204|1|
68.5|204|2|
82.6|204|3|
44|204|4|
77.5|204|6|
68.1|204|7|
90.7|204|8|
84.9|204|9|
67.4|204|10|
79|204|11|
79.2|204|12|
49.9|204|13|
78.2|204|14|
71.4|204|15|
88.5|204|16|
66.8|204|17|
43.4|204|18|
63|204|20|
69.2|204|21|
58.9|204|22|
69.7|204|23|
82|204|24|
74.5|204|25|
31.2|204|26|
32.2|204|27|
47.8|204|28|
46.8|204|29|
88.7|204|30|
58.6|204|31|
31.9|204|32|
32.6|204|33|
78.2|204|34|
63.1|204|35|
68|204|36|
47.4|204|37|
35.7|204|38|
50.8|204|39|
72.4|204|40|
41.7|204|41|
77.9|204|42|
71.8|204|43|
82.6|204|44|
82.5|204|45|
89.8|204|46|
39.4|204|47|
70.4|204|48|
66.6|204|49|
68.7|204|50|
62.9|204|51|
63.1|204|52|
54.5|204|53|
81.4|204|55|
44.8|204|56|
32.5|204|57|
68.5|204|58|
89.1|204|59|
85.2|204|60|
63.2|204|61|
40.9|204|62|
69.5|204|63|
89.9|204|64|
49.7|204|65|
83.5|204|66|
72.1|204|67|
56.7|204|68|
36.3|204|69|
61.4|204|71|
44.8|204|72|
57.5|204|74|
79.5|204|75|
88.6|204|76|
53|204|77|
62.9|204|78|
69.1|204|79|
62.8|204|80|
88.8|204|81|
86.7|204|82|
85.2|204|83|
69.5|204|84|
86.9|204|85|
71.7|204|86|
73.7|204|87|
47.5|204|88|
58.5|204|89|
78.9|204|90|
61.5|204|91|
49.6|204|92|
78.8|204|93|
43.3|204|95|
41.2|204|96|
74.5|204|97|
88.3|204|98|
79.8|204|99|
87.6|204|100|
47.2|204|101|
36.8|204|102|
73.4|204|103|
63.8|204|104|
35.2|204|105|
81.3|204|106|
46.5|204|108|
70.5|204|109|
72.6|204|110|
56.4|204|111|
65.1|204|112|
63.6|204|114|
74.8|204|115|
57.3|204|116|
34.3|204|117|
46|204|118|
54.4|204|119|
46.8|204|121|
88.6|204|122|
88.7|204|123|
58.9|204|124|
27.6|204|125|
46.2|204|126|
69.3|204|128|
93.4|204|129|
74.2|204|130|
48.6|204|131|
75.2|204|132|
63.8|204|133|
73.5|204|134|
45.9|204|135|
66.4|204|136|
69.4|204|137|
65.3|204|138|
80.2|204|139|
79.7|204|140|
83.2|204|141|
74.5|204|142|
74.6|204|143|
39.1|204|144|
66.6|204|145|
50.9|204|147|
76.5|204|148|
42.6|204|149|
73.4|204|150|
71.5|204|151|
33.8|204|152|
84.6|204|153|
78.5|204|154|
85.7|204|155|
49.8|204|156|
61.8|204|158|
84.7|204|159|
83.7|204|161|
71.5|204|162|
69.4|204|164|
69.3|204|165|
43|204|166|
67.1|204|167|
89.6|204|168|
90.1|204|169|
62.3|204|170|
58.2|204|171|
43.1|204|172|
68.3|204|173|
51.9|204|174|
43.5|204|175|
67.4|204|176|
75.3|204|177|
68.2|204|178|
68.5|204|179|
42.7|204|182|
70.6|204|183|
80.3|204|184|
88.6|204|185|
89.2|204|186|
75.4|204|187|
62.2|204|188|
70|204|190|
61.2|204|191|
47.1|204|192|
46.4|204|193|
42.7|204|194|
41|205|0|
70.2|205|1|
69.4|205|2|
81.9|205|3|
45.3|205|4|
77.3|205|5|
77.7|205|6|
69.4|205|7|
90.2|205|8|
85.5|205|9|
68.1|205|10|
79.1|205|11|
79.2|205|12|
50.6|205|13|
78.6|205|14|
72.4|205|15|
88.9|205|16|
66.6|205|17|
44|205|18|
51.2|205|19|
63.2|205|20|
70|205|21|
59.8|205|22|
70|205|23|
82.4|205|24|
75|205|25|
32.4|205|26|
32.9|205|27|
49|205|28|
46.9|205|29|
89.2|205|30|
59.2|205|31|
32.3|205|32|
33.1|205|33|
78.8|205|34|
64.3|205|35|
69.3|205|36|
48|205|37|
36.4|205|38|
50.6|205|39|
72.8|205|40|
42.5|205|41|
78.5|205|42|
73|205|43|
83|205|44|
83.5|205|45|
90.3|205|46|
40.2|205|47|
70.6|205|48|
67.5|205|49|
69.2|205|50|
63.5|205|51|
63.7|205|52|
56.9|205|53|
42.4|205|54|
82.5|205|55|
45.9|205|56|
34.6|205|57|
68.7|205|58|
89.5|205|59|
86|205|60|
63.8|205|61|
41.3|205|62|
70.5|205|63|
90|205|64|
50.8|205|65|
84.5|205|66|
73.4|205|67|
57.1|205|68|
37.3|205|69|
39.3|205|70|
61.9|205|71|
45.1|205|72|
58.1|205|74|
80.2|205|75|
89.1|205|76|
53.9|205|77|
63.3|205|78|
69.6|205|79|
63.2|205|80|
89.3|205|81|
87.1|205|82|
85.7|205|83|
69.8|205|84|
87.3|205|85|
72.9|205|86|
74.7|205|87|
48.4|205|88|
58.5|205|89|
78.3|205|90|
61.6|205|91|
50.5|205|92|
80.2|205|93|
72.4|205|94|
43|205|95|
41.7|205|96|
74.9|205|97|
88.6|205|98|
81|205|99|
88|205|100|
47.9|205|101|
37.3|205|102|
73.2|205|103|
63.2|205|104|
36.3|205|105|
82.8|205|106|
47|205|108|
71.3|205|109|
72.9|205|110|
57.2|205|111|
65.8|205|112|
64.9|205|114|
75.3|205|115|
58.1|205|116|
35.4|205|117|
47|205|118|
54.4|205|119|
47.4|205|121|
89.1|205|122|
88.9|205|123|
59.3|205|124|
28.3|205|125|
46.7|205|126|
70.2|205|128|
93.2|205|129|
74.8|205|130|
49.9|205|131|
75.9|205|132|
64.6|205|133|
73.9|205|134|
46.8|205|135|
66.7|205|136|
70|205|137|
65.6|205|138|
80.8|205|139|
80|205|140|
83.8|205|141|
75.5|205|142|
75.2|205|143|
40.9|205|144|
67|205|145|
51.7|205|147|
77.1|205|148|
43.4|205|149|
74.2|205|150|
73.1|205|151|
34.6|205|152|
86.9|205|153|
79.4|205|154|
86.1|205|155|
50.3|205|156|
62|205|158|
85.5|205|159|
84.4|205|161|
72.1|205|162|
71.3|205|163|
69.8|205|164|
69.8|205|165|
43.7|205|166|
67.6|205|167|
89.9|205|168|
90.6|205|169|
63.5|205|170|
59|205|171|
44.2|205|172|
69.3|205|173|
49.6|205|174|
43.7|205|175|
67.4|205|176|
75.1|205|177|
68.9|205|178|
69.1|205|179|
43.4|205|182|
71.5|205|183|
80.9|205|184|
89|205|185|
89.6|205|186|
75.6|205|187|
62.9|205|188|
56.9|205|189|
71.4|205|190|
61.6|205|191|
47.2|205|192|
47.5|205|193|
42.5|205|194|
41.9|206|0|
70.9|206|1|
69.9|206|2|
82.9|206|3|
46.6|206|4|
77.9|206|5|
80.1|206|6|
70.8|206|7|
90.5|206|8|
86.1|206|9|
70.7|206|10|
79.4|206|11|
79.3|206|12|
51.4|206|13|
79.1|206|14|
74|206|15|
89.6|206|16|
67.6|206|17|
44.7|206|18|
52.4|206|19|
63.8|206|20|
70.6|206|21|
61.2|206|22|
70.1|206|23|
82.7|206|24|
75.6|206|25|
33.3|206|26|
35.1|206|27|
50.2|206|28|
47|206|29|
89.5|206|30|
60.6|206|31|
32.8|206|32|
33.7|206|33|
78.7|206|34|
65.7|206|35|
70|206|36|
48.7|206|37|
37.2|206|38|
50.8|206|39|
73.4|206|40|
43|206|41|
79.4|206|42|
75.2|206|43|
83.6|206|44|
84.3|206|45|
90.5|206|46|
41.4|206|47|
71.1|206|48|
68.2|206|49|
69.5|206|50|
64.3|206|51|
64.5|206|52|
57.9|206|53|
42.5|206|54|
83.2|206|55|
47.2|206|56|
36.2|206|57|
68.7|206|58|
89.9|206|59|
86.5|206|60|
63.8|206|61|
41.8|206|62|
71.2|206|63|
91|206|64|
51.8|206|65|
85.1|206|66|
73.5|206|67|
57.9|206|68|
38.4|206|69|
40.1|206|70|
62.4|206|71|
45.6|206|72|
58.7|206|74|
81.1|206|75|
89.3|206|76|
54.8|206|77|
64.3|206|78|
73.2|206|79|
63.7|206|80|
89.5|206|81|
87.2|206|82|
86.2|206|83|
70.2|206|84|
87.7|206|85|
73.2|206|86|
75.4|206|87|
49.9|206|88|
58.2|206|89|
78.8|206|90|
62.1|206|91|
51.1|206|92|
80.9|206|93|
72.3|206|94|
43.1|206|95|
42.4|206|96|
75.3|206|97|
89|206|98|
81.9|206|99|
88.4|206|100|
48.4|206|101|
38.3|206|102|
73.8|206|103|
64.7|206|104|
37.2|206|105|
82.6|206|106|
47.9|206|108|
72|206|109|
73.7|206|110|
57.8|206|111|
66.7|206|112|
66|206|114|
76.4|206|115|
58.8|206|116|
36.1|206|117|
47.9|206|118|
55|206|119|
48.4|206|121|
89.7|206|122|
89.2|206|123|
59.6|206|124|
29|206|125|
47.4|206|126|
70.8|206|128|
93.6|206|129|
75.2|206|130|
50.3|206|131|
76.1|206|132|
64.7|206|133|
74.4|206|134|
47.3|206|135|
66.6|206|136|
69.7|206|137|
65.7|206|138|
81.3|206|139|
80.3|206|140|
83.5|206|141|
76.6|206|142|
75.9|206|143|
43|206|144|
67.3|206|145|
52.6|206|147|
77.8|206|148|
43.9|206|149|
75|206|150|
72|206|151|
35.4|206|152|
87.2|206|153|
80.3|206|154|
86.8|206|155|
51.5|206|156|
62.4|206|158|
86.2|206|159|
84.8|206|161|
72.8|206|162|
72|206|163|
71.2|206|164|
70.4|206|165|
44.7|206|166|
68.2|206|167|
90.2|206|168|
91.2|206|169|
64.3|206|170|
59.6|206|171|
45.2|206|172|
69.4|206|173|
53.7|206|174|
44.4|206|175|
67.5|206|176|
76.7|206|177|
69.5|206|178|
70.2|206|179|
44.7|206|182|
72.2|206|183|
81.4|206|184|
88.9|206|185|
89.9|206|186|
76.1|206|187|
63.5|206|188|
57.5|206|189|
72.7|206|190|
62.4|206|191|
47.8|206|192|
48.6|206|193|
42.9|206|194|
43.1|207|0|
71.8|207|1|
70.8|207|2|
82.9|207|3|
48.2|207|4|
78.4|207|5|
80.6|207|6|
72.4|207|7|
90.8|207|8|
88.1|207|9|
71.2|207|10|
79.4|207|11|
79.6|207|12|
52.1|207|13|
79.6|207|14|
75.6|207|15|
89.9|207|16|
67.8|207|17|
45.5|207|18|
53.9|207|19|
63.8|207|20|
71.3|207|21|
62.5|207|22|
70.5|207|23|
82.7|207|24|
76.4|207|25|
34.4|207|26|
36.3|207|27|
51.6|207|28|
48.1|207|29|
89.1|207|30|
61.5|207|31|
33.4|207|32|
34.5|207|33|
80.1|207|34|
67|207|35|
71.3|207|36|
49.2|207|37|
38.2|207|38|
52.3|207|39|
74.2|207|40|
43.5|207|41|
80.1|207|42|
76.8|207|43|
84.4|207|44|
85|207|45|
90.4|207|46|
42.4|207|47|
71.5|207|48|
68.9|207|49|
70.6|207|50|
65.1|207|51|
64.4|207|52|
58.5|207|53|
42.7|207|54|
83.9|207|55|
48.2|207|56|
37.7|207|57|
69.1|207|58|
90.1|207|59|
86.7|207|60|
64.3|207|61|
42.4|207|62|
72.4|207|63|
91.4|207|64|
52.9|207|65|
84.9|207|66|
74|207|67|
58.8|207|68|
39.3|207|69|
40.7|207|70|
62.7|207|71|
46|207|72|
59.5|207|74|
81.4|207|75|
89.9|207|76|
55.8|207|77|
64.4|207|78|
73.6|207|79|
63.9|207|80|
89.9|207|81|
88.1|207|82|
86.6|207|83|
71|207|84|
88|207|85|
73.5|207|86|
75.8|207|87|
50.7|207|88|
58.3|207|89|
78.9|207|90|
62.8|207|91|
52.1|207|92|
81.8|207|93|
73.6|207|94|
44.1|207|95|
43.1|207|96|
75.4|207|97|
89.3|207|98|
82.6|207|99|
88.8|207|100|
49.1|207|101|
39.4|207|102|
75.1|207|103|
64.7|207|104|
36.7|207|105|
83.1|207|106|
47.9|207|108|
72.8|207|109|
73.8|207|110|
58.3|207|111|
67.2|207|112|
67.1|207|114|
77.5|207|115|
59.6|207|116|
37.2|207|117|
49|207|118|
55.8|207|119|
49|207|121|
90.4|207|122|
89.4|207|123|
60.2|207|124|
29.5|207|125|
47.9|207|126|
71.3|207|128|
93.8|207|129|
76.4|207|130|
51.1|207|131|
76.6|207|132|
65.7|207|133|
75.1|207|134|
48.6|207|135|
67.1|207|136|
70.5|207|137|
66.3|207|138|
81.9|207|139|
81|207|140|
83.8|207|141|
78|207|142|
76.7|207|143|
44.6|207|144|
67.9|207|145|
53.1|207|147|
78.4|207|148|
44.8|207|149|
75.4|207|150|
74.4|207|151|
36.8|207|152|
87.9|207|153|
81.4|207|154|
87.3|207|155|
51.7|207|156|
63.1|207|158|
86.9|207|159|
85.3|207|161|
73.4|207|162|
72.5|207|163|
71.2|207|164|
70.5|207|165|
45.2|207|166|
68.7|207|167|
90.5|207|168|
91.5|207|169|
64.9|207|170|
60.2|207|171|
46.1|207|172|
71|207|173|
58.2|207|174|
44.1|207|175|
67.8|207|176|
77.7|207|177|
70.1|207|178|
70.9|207|179|
45.7|207|182|
72.9|207|183|
81.9|207|184|
89.2|207|185|
90.2|207|186|
76.3|207|187|
64.6|207|188|
57.7|207|189|
74.3|207|190|
63.2|207|191|
48.6|207|192|
49.2|207|193|
43.4|207|194|
43.6|208|0|
72.4|208|1|
71.1|208|2|
83.1|208|3|
49.4|208|4|
78.3|208|5|
81|208|6|
72.7|208|7|
92.2|208|8|
88.4|208|9|
72.1|208|10|
79.4|208|11|
79.6|208|12|
52.4|208|13|
79.9|208|14|
77.4|208|15|
89.9|208|16|
68.3|208|17|
46.2|208|18|
54.7|208|19|
64.7|208|20|
72|208|21|
63.8|208|22|
71.6|208|23|
82.8|208|24|
77.1|208|25|
35.7|208|26|
37.5|208|27|
52.1|208|28|
48.9|208|29|
89.3|208|30|
62.2|208|31|
33.9|208|32|
35|208|33|
81.1|208|34|
68.1|208|35|
72|208|36|
49.9|208|37|
39.3|208|38|
53.8|208|39|
75|208|40|
44.1|208|41|
80.5|208|42|
77.8|208|43|
85.2|208|44|
85.4|208|45|
90.9|208|46|
43.2|208|47|
72.1|208|48|
69.2|208|49|
71.1|208|50|
65.9|208|51|
64.7|208|52|
58.6|208|53|
42.3|208|54|
84.1|208|55|
49.1|208|56|
39.4|208|57|
69.1|208|58|
90.4|208|59|
86.9|208|60|
64.5|208|61|
43.1|208|62|
72.3|208|63|
91.6|208|64|
54.2|208|65|
85.7|208|66|
74.3|208|67|
59.4|208|68|
40|208|69|
41.3|208|70|
63|208|71|
46.3|208|72|
59.1|208|74|
81.8|208|75|
89.2|208|76|
56.5|208|77|
64.8|208|78|
74.1|208|79|
64.6|208|80|
90|208|81|
88|208|82|
86.8|208|83|
72.8|208|84|
88.1|208|85|
73.6|208|86|
75.8|208|87|
51.5|208|88|
58.6|208|89|
79|208|90|
63.1|208|91|
52.8|208|92|
82.1|208|93|
74.2|208|94|
44.6|208|95|
43.6|208|96|
75.9|208|97|
89.9|208|98|
83.1|208|99|
89|208|100|
50|208|101|
41.1|208|102|
76.2|208|103|
65.7|208|104|
39|208|105|
83.3|208|106|
48|208|108|
73.4|208|109|
74|208|110|
58.7|208|111|
67.7|208|112|
68.2|208|114|
78.5|208|115|
60.3|208|116|
38.1|208|117|
50.1|208|118|
56.6|208|119|
50|208|121|
90.6|208|122|
89.5|208|123|
60.7|208|124|
30.4|208|125|
48.5|208|126|
72.9|208|128|
93.8|208|129|
78.2|208|130|
51.3|208|131|
76.7|208|132|
66.1|208|133|
75.5|208|134|
49|208|135|
68|208|136|
71.5|208|137|
66.7|208|138|
82.4|208|139|
81.4|208|140|
84.3|208|141|
79.5|208|142|
77.4|208|143|
45.6|208|144|
68.1|208|145|
53.2|208|147|
79.3|208|148|
45.8|208|149|
76|208|150|
74.8|208|151|
37.8|208|152|
88.4|208|153|
82.2|208|154|
87.8|208|155|
51.7|208|156|
64.4|208|158|
87.4|208|159|
85.6|208|161|
74.2|208|162|
74|208|163|
72.3|208|164|
71.3|208|165|
46.4|208|166|
69.2|208|167|
90.1|208|168|
91.7|208|169|
64.6|208|170|
61.6|208|171|
47|208|172|
71.4|208|173|
59.9|208|174|
44.9|208|175|
68.1|208|176|
78.4|208|177|
70.8|208|178|
71.4|208|179|
46.9|208|182|
73.3|208|183|
82.1|208|184|
89.6|208|185|
90.7|208|186|
76.7|208|187|
65.3|208|188|
58.4|208|189|
75.3|208|190|
63.9|208|191|
48.8|208|192|
50.7|208|193|
43.2|208|194|
44.7|209|0|
72.9|209|1|
72|209|2|
83|209|3|
50.8|209|4|
77.6|209|5|
81|209|6|
72.4|209|7|
92.3|209|8|
88.6|209|9|
73.4|209|10|
79.3|209|11|
79.4|209|12|
53.5|209|13|
80.1|209|14|
78.4|209|15|
89.9|209|16|
68.8|209|17|
46.8|209|18|
55.9|209|19|
65.1|209|20|
72|209|21|
64.7|209|22|
71.8|209|23|
83.1|209|24|
77.4|209|25|
36.6|209|26|
39.1|209|27|
52.4|209|28|
49.7|209|29|
89.3|209|30|
62.3|209|31|
34.6|209|32|
36.6|209|33|
81.9|209|34|
69|209|35|
72.4|209|36|
50.6|209|37|
40|209|38|
55|209|39|
75.1|209|40|
44.8|209|41|
80.4|209|42|
78|209|43|
85.4|209|44|
85.7|209|45|
90.6|209|46|
43.7|209|47|
72.1|209|48|
69.4|209|49|
71.2|209|50|
66|209|51|
64.7|209|52|
58.8|209|53|
43.2|209|54|
83.8|209|55|
50.1|209|56|
40.2|209|57|
69.4|209|58|
89.9|209|59|
86.9|209|60|
65.3|209|61|
43.4|209|62|
72.7|209|63|
91.6|209|64|
54.7|209|65|
85.9|209|66|
74|209|67|
59.7|209|68|
40|209|69|
41.9|209|70|
63.3|209|71|
46.8|209|72|
59.3|209|74|
82.3|209|75|
89.1|209|76|
57.1|209|77|
65.9|209|78|
74.7|209|79|
64.8|209|80|
89.6|209|81|
88.2|209|82|
86.8|209|83|
72.4|209|84|
88|209|85|
73.4|209|86|
76.2|209|87|
52.4|209|88|
58.5|209|89|
79.2|209|90|
63.5|209|91|
53.9|209|92|
81.9|209|93|
74.9|209|94|
45.5|209|95|
43.8|209|96|
75.7|209|97|
89.9|209|98|
82.1|209|99|
88.5|209|100|
50.3|209|101|
42.6|209|102|
76.6|209|103|
65.8|209|104|
39.8|209|105|
83.5|209|106|
48.7|209|108|
74.2|209|109|
73.9|209|110|
59|209|111|
67.3|209|112|
68.8|209|114|
78.7|209|115|
60.9|209|116|
38.9|209|117|
51.2|209|118|
57.5|209|119|
51.3|209|121|
90.6|209|122|
89.8|209|123|
60.8|209|124|
30.9|209|125|
49.1|209|126|
73.1|209|128|
93.8|209|129|
78.9|209|130|
52|209|131|
77.2|209|132|
66.6|209|133|
75.6|209|134|
50|209|135|
67.8|209|136|
71.8|209|137|
66.6|209|138|
82.8|209|139|
81.7|209|140|
84.1|209|141|
79.8|209|142|
77.1|209|143|
47.2|209|144|
68.3|209|145|
54.1|209|147|
79.7|209|148|
46.2|209|149|
76.2|209|150|
75.4|209|151|
38.6|209|152|
88.5|209|153|
82.3|209|154|
87.7|209|155|
50.6|209|156|
65.4|209|158|
87.1|209|159|
85.8|209|161|
74.5|209|162|
74.2|209|163|
72.6|209|164|
71.3|209|165|
46.9|209|166|
69.8|209|167|
89.9|209|168|
92.7|209|169|
64.8|209|170|
61.9|209|171|
47.9|209|172|
71.8|209|173|
61.1|209|174|
45.8|209|175|
68.6|209|176|
78.6|209|177|
71|209|178|
72.1|209|179|
47.8|209|182|
72.7|209|183|
81.9|209|184|
89.9|209|185|
90.8|209|186|
77.9|209|187|
65.8|209|188|
58.4|209|189|
75.2|209|190|
65|209|191|
50.3|209|192|
52.1|209|193|
44.8|209|194|
46.4|210|0|
74|210|1|
73|210|2|
82.8|210|3|
51|210|4|
77.2|210|5|
81.8|210|6|
72.9|210|7|
92.6|210|8|
89.5|210|9|
73.2|210|10|
79.5|210|11|
79.6|210|12|
54.9|210|13|
79.9|210|14|
79.2|210|15|
90.3|210|16|
69.3|210|17|
47.3|210|18|
57.1|210|19|
65.6|210|20|
71.4|210|21|
66|210|22|
72.6|210|23|
83.2|210|24|
77.9|210|25|
37.5|210|26|
40.2|210|27|
53.5|210|28|
47.1|210|29|
89.5|210|30|
62.6|210|31|
35.5|210|32|
37.4|210|33|
80|210|34|
70.2|210|35|
72.9|210|36|
51.3|210|37|
41.6|210|38|
55.7|210|39|
75.4|210|40|
45.4|210|41|
81.1|210|42|
77.6|210|43|
85|210|44|
86.2|210|45|
91|210|46|
44.6|210|47|
73.3|210|48|
70.1|210|49|
71.6|210|50|
66.6|210|51|
65.9|210|52|
58|210|53|
43.3|210|54|
84.4|210|55|
51.3|210|56|
41.2|210|57|
69.4|210|58|
90.3|210|59|
87.2|210|60|
65.8|210|61|
43.7|210|62|
73.2|210|63|
92|210|64|
55.4|210|65|
85.7|210|66|
74.3|210|67|
60.2|210|68|
40.8|210|69|
42.6|210|70|
63.9|210|71|
46.7|210|72|
59.8|210|74|
82.6|210|75|
89.2|210|76|
58.1|210|77|
66.6|210|78|
75.6|210|79|
65.2|210|80|
89|210|81|
88.7|210|82|
87.1|210|83|
72.3|210|84|
88.5|210|85|
72.8|210|86|
76.4|210|87|
53.3|210|88|
58.9|210|89|
79.4|210|90|
63.6|210|91|
54.6|210|92|
81.7|210|93|
75.1|210|94|
46.1|210|95|
44.1|210|96|
75.7|210|97|
90.4|210|98|
82.4|210|99|
89.3|210|100|
50.4|210|101|
43.7|210|102|
77.3|210|103|
66.9|210|104|
40.3|210|105|
84.7|210|106|
49|210|108|
74.8|210|109|
73.9|210|110|
59.5|210|111|
68.1|210|112|
69.7|210|114|
79.3|210|115|
61.8|210|116|
39.6|210|117|
52.3|210|118|
58.8|210|119|
52.7|210|121|
91.1|210|122|
89.9|210|123|
61.4|210|124|
31.9|210|125|
48.4|210|126|
73.5|210|128|
94.2|210|129|
79.3|210|130|
52.4|210|131|
77.6|210|132|
67.1|210|133|
75.8|210|134|
51|210|135|
69.2|210|136|
72.1|210|137|
67.2|210|138|
83.5|210|139|
82.2|210|140|
83.4|210|141|
79.7|210|142|
78|210|143|
48.8|210|144|
69|210|145|
54.6|210|147|
81|210|148|
46.8|210|149|
76.2|210|150|
76.2|210|151|
39.1|210|152|
90.9|210|153|
82.9|210|154|
88.1|210|155|
52.4|210|156|
66.2|210|158|
88.2|210|159|
42.5|210|160|
86.5|210|161|
75|210|162|
74.7|210|163|
73|210|164|
71.1|210|165|
47.1|210|166|
70.1|210|167|
90.6|210|168|
93.2|210|169|
64.4|210|170|
63|210|171|
48.7|210|172|
72.1|210|173|
62|210|174|
46.8|210|175|
69.2|210|176|
78.8|210|177|
71.7|210|178|
74.3|210|179|
67.3|210|180|
48.9|210|182|
73.2|210|183|
82.1|210|184|
90.5|210|185|
91.1|210|186|
77.4|210|187|
66.5|210|188|
58.5|210|189|
75.3|210|190|
65.3|210|191|
49.9|210|192|
53.1|210|193|
47.2|210|194|
46.5|211|0|
75.9|211|1|
73.8|211|2|
82.7|211|3|
52.5|211|4|
76.4|211|5|
82.3|211|6|
73.3|211|7|
92.8|211|8|
89.7|211|9|
73.1|211|10|
79.5|211|11|
79.8|211|12|
55.9|211|13|
80.2|211|14|
79.8|211|15|
90.4|211|16|
69.9|211|17|
47.9|211|18|
58.1|211|19|
66|211|20|
72.2|211|21|
67.6|211|22|
73|211|23|
83.6|211|24|
78.2|211|25|
38.5|211|26|
41|211|27|
54.2|211|28|
51.3|211|29|
89.9|211|30|
63.3|211|31|
36.3|211|32|
38.5|211|33|
81.2|211|34|
71.1|211|35|
73.5|211|36|
52.4|211|37|
41.9|211|38|
55.9|211|39|
76.8|211|40|
45.7|211|41|
81.7|211|42|
77.5|211|43|
85.3|211|44|
86.5|211|45|
92.2|211|46|
45.1|211|47|
73.3|211|48|
70.4|211|49|
74.2|211|50|
66.9|211|51|
65.6|211|52|
58.3|211|53|
43.3|211|54|
85.3|211|55|
52.8|211|56|
42.3|211|57|
69.8|211|58|
90.7|211|59|
87.6|211|60|
66.3|211|61|
43.5|211|62|
73.8|211|63|
92.5|211|64|
56.3|211|65|
85.3|211|66|
74.6|211|67|
60.7|211|68|
42.1|211|69|
43.5|211|70|
64.8|211|71|
47.4|211|72|
60.1|211|74|
82.3|211|75|
90.1|211|76|
59|211|77|
67.4|211|78|
76.7|211|79|
65.8|211|80|
89.4|211|81|
89.2|211|82|
87.5|211|83|
72.3|211|84|
89|211|85|
72.5|211|86|
77.2|211|87|
54|211|88|
58.7|211|89|
79.6|211|90|
63.9|211|91|
55.8|211|92|
82.2|211|93|
75.3|211|94|
47|211|95|
45.7|211|96|
70.8|211|97|
90.9|211|98|
83.1|211|99|
89.2|211|100|
50.4|211|101|
44.7|211|102|
77.9|211|103|
68.1|211|104|
40.8|211|105|
84.8|211|106|
49.4|211|108|
75.6|211|109|
74.6|211|110|
59.8|211|111|
68.7|211|112|
71.1|211|114|
79.7|211|115|
62.7|211|116|
39.1|211|117|
53.4|211|118|
60.1|211|119|
53.4|211|121|
92.2|211|122|
90.2|211|123|
61.9|211|124|
32.6|211|125|
49.4|211|126|
73.9|211|128|
94.3|211|129|
79.5|211|130|
52.8|211|131|
78.3|211|132|
67.9|211|133|
76.4|211|134|
51.7|211|135|
69.7|211|136|
73.4|211|137|
67.7|211|138|
84|211|139|
82.7|211|140|
84.5|211|141|
79.8|211|142|
78.9|211|143|
49.6|211|144|
69.5|211|145|
55.3|211|147|
82.4|211|148|
47.9|211|149|
77.2|211|150|
75.5|211|151|
39.8|211|152|
91.4|211|153|
83.6|211|154|
88.3|211|155|
53.2|211|156|
66.3|211|158|
88.8|211|159|
44.3|211|160|
87|211|161|
75.6|211|162|
75.1|211|163|
73.6|211|164|
71.3|211|165|
47.5|211|166|
70.8|211|167|
90.6|211|168|
93.2|211|169|
64.2|211|170|
63.4|211|171|
49.2|211|172|
72.9|211|173|
62.7|211|174|
48|211|175|
69.6|211|176|
78.6|211|177|
71.9|211|178|
75.9|211|179|
68|211|180|
49.4|211|182|
73.7|211|183|
82.6|211|184|
89.9|211|185|
91.4|211|186|
78.3|211|187|
67.2|211|188|
58.5|211|189|
76.4|211|190|
66.3|211|191|
51.1|211|192|
54.1|211|193|
49|211|194|
47.9|212|0|
77.1|212|1|
73.7|212|2|
84.9|212|3|
53.7|212|4|
76.7|212|5|
82.3|212|6|
73.7|212|7|
93.2|212|8|
89.9|212|9|
73.6|212|10|
79.7|212|11|
80|212|12|
56.7|212|13|
81.1|212|14|
80.3|212|15|
90.5|212|16|
70.6|212|17|
48.9|212|18|
59.1|212|19|
66.3|212|20|
74.1|212|21|
68.7|212|22|
73.4|212|23|
84.3|212|24|
78.6|212|25|
39.4|212|26|
41.6|212|27|
54.8|212|28|
52.4|212|29|
90.6|212|30|
63.4|212|31|
37|212|32|
39.3|212|33|
81.8|212|34|
71.9|212|35|
73.6|212|36|
52.9|212|37|
42.3|212|38|
57.1|212|39|
77.4|212|40|
46.7|212|41|
82|212|42|
76.4|212|43|
85.2|212|44|
86.5|212|45|
92.4|212|46|
45.9|212|47|
73.1|212|48|
70.8|212|49|
74|212|50|
67.6|212|51|
66|212|52|
58.7|212|53|
42.2|212|54|
85.9|212|55|
54.2|212|56|
42.9|212|57|
70.2|212|58|
90.8|212|59|
87.8|212|60|
67.2|212|61|
44.1|212|62|
74.9|212|63|
92.7|212|64|
57|212|65|
85.6|212|66|
74.7|212|67|
61.3|212|68|
43.1|212|69|
43.7|212|70|
65.2|212|71|
47.8|212|72|
60|212|74|
82.6|212|75|
90.8|212|76|
60|212|77|
68.2|212|78|
78.2|212|79|
66.2|212|80|
89.9|212|81|
89.3|212|82|
87.4|212|83|
72.2|212|84|
89.5|212|85|
72.6|212|86|
78.2|212|87|
54.5|212|88|
59.6|212|89|
80|212|90|
64.9|212|91|
56.9|212|92|
82.5|212|93|
74.4|212|94|
48|212|95|
45.5|212|96|
74.2|212|97|
91|212|98|
83.5|212|99|
89.2|212|100|
50.7|212|101|
45.2|212|102|
78.2|212|103|
68.8|212|104|
40.8|212|105|
85.4|212|106|
50.3|212|108|
76.8|212|109|
75.2|212|110|
59.9|212|111|
69.3|212|112|
71.9|212|114|
79.8|212|115|
63.6|212|116|
39.8|212|117|
54.1|212|118|
61.2|212|119|
54.8|212|121|
92.1|212|122|
90.5|212|123|
62.5|212|124|
33.8|212|125|
50.2|212|126|
74|212|128|
94.2|212|129|
80.4|212|130|
53.3|212|131|
78.7|212|132|
68.4|212|133|
77|212|134|
50.8|212|135|
69.7|212|136|
73.4|212|137|
68.4|212|138|
83.6|212|139|
82.9|212|140|
85|212|141|
79.6|212|142|
79.7|212|143|
50.4|212|144|
69.6|212|145|
55.8|212|147|
83.7|212|148|
48.9|212|149|
77.2|212|150|
77.7|212|151|
41.3|212|152|
92|212|153|
84.1|212|154|
87.6|212|155|
54.6|212|156|
67.3|212|158|
89|212|159|
43.8|212|160|
87.3|212|161|
76.2|212|162|
74.8|212|163|
73.1|212|164|
71.3|212|165|
48.5|212|166|
72|212|167|
90.8|212|168|
93.5|212|169|
63.1|212|170|
63.9|212|171|
50.1|212|172|
73.3|212|173|
60.1|212|174|
48.4|212|175|
70|212|176|
78.4|212|177|
72.1|212|178|
76.5|212|179|
68.6|212|180|
49.7|212|182|
74.2|212|183|
83.2|212|184|
89.7|212|185|
91.6|212|186|
78.8|212|187|
68.1|212|188|
58.4|212|189|
76.7|212|190|
66.8|212|191|
50.1|212|192|
55.2|212|193|
51.6|212|194|
48.5|213|0|
78.1|213|1|
74.6|213|2|
84.6|213|3|
54.7|213|4|
76.7|213|5|
82.4|213|6|
74.3|213|7|
92.6|213|8|
89.6|213|9|
74.1|213|10|
79.7|213|11|
80.7|213|12|
57.2|213|13|
81.2|213|14|
80.8|213|15|
90.8|213|16|
70.7|213|17|
50|213|18|
59.4|213|19|
67.3|213|20|
74.8|213|21|
69.9|213|22|
75.2|213|23|
84.4|213|24|
79.2|213|25|
40.1|213|26|
42.2|213|27|
55.5|213|28|
53.1|213|29|
91|213|30|
64.1|213|31|
35.1|213|32|
39.9|213|33|
83|213|34|
72.7|213|35|
74.6|213|36|
53.2|213|37|
42.9|213|38|
58.1|213|39|
77.7|213|40|
47.5|213|41|
82.5|213|42|
76.2|213|43|
85.4|213|44|
87.4|213|45|
92.6|213|46|
46.7|213|47|
73|213|48|
71.2|213|49|
75.1|213|50|
68.1|213|51|
66.2|213|52|
58.8|213|53|
42.5|213|54|
86.3|213|55|
55.8|213|56|
43.9|213|57|
70.7|213|58|
91.6|213|59|
88.2|213|60|
67.9|213|61|
44.8|213|62|
75.6|213|63|
92.7|213|64|
57.8|213|65|
85.8|213|66|
75|213|67|
61.6|213|68|
43.9|213|69|
44.1|213|70|
65.6|213|71|
48.3|213|72|
60.3|213|74|
83.5|213|75|
92|213|76|
60.7|213|77|
68.8|213|78|
78.5|213|79|
66.2|213|80|
90.8|213|81|
89.5|213|82|
87.3|213|83|
72|213|84|
90|213|85|
72|213|86|
79.1|213|87|
55.1|213|88|
60.5|213|89|
79.8|213|90|
65.8|213|91|
57.9|213|92|
83.4|213|93|
74.1|213|94|
48.6|213|95|
46.3|213|96|
70.7|213|97|
91.2|213|98|
84|213|99|
89.2|213|100|
50.9|213|101|
46.3|213|102|
78.7|213|103|
69.3|213|104|
40.8|213|105|
86.1|213|106|
51.1|213|108|
77.5|213|109|
75|213|110|
59.9|213|111|
70.2|213|112|
72.8|213|114|
80.1|213|115|
64.6|213|116|
41.2|213|117|
55.1|213|118|
62.2|213|119|
55.5|213|121|
92.4|213|122|
90.7|213|123|
63|213|124|
34.5|213|125|
52|213|126|
74.3|213|128|
94.6|213|129|
81.1|213|130|
53.7|213|131|
81.1|213|132|
68.1|213|133|
77.5|213|134|
52.1|213|135|
70.9|213|136|
74.2|213|137|
69.2|213|138|
85.1|213|139|
83.7|213|140|
85.7|213|141|
80|213|142|
80.3|213|143|
50.6|213|144|
69.6|213|145|
56.8|213|147|
84.6|213|148|
49.4|213|149|
77.5|213|150|
78.2|213|151|
42.6|213|152|
92.3|213|153|
84.4|213|154|
88.4|213|155|
55|213|156|
68.3|213|158|
89.3|213|159|
43.9|213|160|
87.5|213|161|
76.5|213|162|
76.7|213|163|
72.6|213|164|
71.4|213|165|
47.7|213|166|
72.4|213|167|
92.7|213|168|
93.8|213|169|
57.2|213|170|
64.3|213|171|
50.3|213|172|
73.1|213|173|
61.3|213|174|
49|213|175|
69.9|213|176|
78.7|213|177|
72.5|213|178|
78.1|213|179|
69.1|213|180|
50.3|213|182|
74.4|213|183|
83.9|213|184|
91.4|213|185|
91.4|213|186|
79.7|213|187|
68.8|213|188|
58.8|213|189|
77.2|213|190|
67.3|213|191|
50.6|213|192|
55.9|213|193|
52.7|213|194|
48.8|214|0|
78.7|214|1|
74.9|214|2|
85.3|214|3|
55.7|214|4|
76.7|214|5|
82.5|214|6|
74.6|214|7|
92.9|214|8|
90.4|214|9|
74.6|214|10|
79.6|214|11|
81|214|12|
57.2|214|13|
81.2|214|14|
81.1|214|15|
91|214|16|
71|214|17|
50.5|214|18|
60.1|214|19|
67.8|214|20|
75.4|214|21|
70.9|214|22|
75.5|214|23|
84.5|214|24|
79.7|214|25|
40.5|214|26|
42.9|214|27|
56.1|214|28|
54|214|29|
91.4|214|30|
64.1|214|31|
35.5|214|32|
40.6|214|33|
83.4|214|34|
73.5|214|35|
75|214|36|
53.4|214|37|
44.1|214|38|
59.5|214|39|
78.5|214|40|
47.8|214|41|
82.7|214|42|
76.4|214|43|
85.6|214|44|
87.9|214|45|
92.8|214|46|
47.5|214|47|
73.2|214|48|
72.4|214|49|
75|214|50|
68.3|214|51|
66|214|52|
59|214|53|
43.6|214|54|
86.5|214|55|
57.3|214|56|
44.6|214|57|
71.2|214|58|
91.8|214|59|
88.7|214|60|
68.8|214|61|
44.9|214|62|
76.4|214|63|
93|214|64|
57.7|214|65|
86.6|214|66|
75.2|214|67|
64.3|214|68|
44.6|214|69|
45|214|70|
66|214|71|
48.8|214|72|
60.6|214|74|
83.3|214|75|
92.4|214|76|
61.8|214|77|
69.1|214|78|
78.8|214|79|
66.2|214|80|
92|214|81|
90|214|82|
87.4|214|83|
72|214|84|
90.4|214|85|
72|214|86|
79.8|214|87|
55.6|214|88|
61.3|214|89|
80|214|90|
66.3|214|91|
58.6|214|92|
83.6|214|93|
73.2|214|94|
49.3|214|95|
46.4|214|96|
69.3|214|97|
91.1|214|98|
85.2|214|99|
89.5|214|100|
51.2|214|101|
47.2|214|102|
79.2|214|103|
70.2|214|104|
41.4|214|105|
86.8|214|106|
51.8|214|108|
78.6|214|109|
75.4|214|110|
59.8|214|111|
70.5|214|112|
73.3|214|114|
80.3|214|115|
65.3|214|116|
42|214|117|
55.8|214|118|
63.1|214|119|
56.2|214|121|
92.5|214|122|
91|214|123|
64|214|124|
35.3|214|125|
52.3|214|126|
74.7|214|128|
94.5|214|129|
81.5|214|130|
54.6|214|131|
80.9|214|132|
68.2|214|133|
77.9|214|134|
53.1|214|135|
71.2|214|136|
75.2|214|137|
69.7|214|138|
85.3|214|139|
84|214|140|
85.4|214|141|
80.3|214|142|
80.7|214|143|
51.3|214|144|
69.8|214|145|
57.7|214|147|
85.3|214|148|
50.1|214|149|
78|214|150|
79.6|214|151|
43|214|152|
92.8|214|153|
84.5|214|154|
88.6|214|155|
55.1|214|156|
69.1|214|158|
89.6|214|159|
43.5|214|160|
88|214|161|
76.9|214|162|
76.8|214|163|
72.8|214|164|
71.5|214|165|
49.6|214|166|
72.6|214|167|
92.9|214|168|
93.9|214|169|
55.1|214|170|
64.2|214|171|
50.9|214|172|
73.9|214|173|
60.8|214|174|
49.5|214|175|
69.9|214|176|
78.8|214|177|
72.8|214|178|
79.2|214|179|
69.6|214|180|
50.9|214|182|
74.7|214|183|
84.7|214|184|
91.8|214|185|
91.5|214|186|
80|214|187|
69.3|214|188|
58.9|214|189|
77|214|190|
67.5|214|191|
50.4|214|192|
56.5|214|193|
53.7|214|194|
49|215|0|
78.8|215|1|
75.1|215|2|
85|215|3|
56.5|215|4|
77|215|5|
82.8|215|6|
74.8|215|7|
93.3|215|8|
90.6|215|9|
74.9|215|10|
79.9|215|11|
83.4|215|12|
58.8|215|13|
81.2|215|14|
81.1|215|15|
91.3|215|16|
71.5|215|17|
51|215|18|
60.6|215|19|
68.5|215|20|
75.5|215|21|
71.4|215|22|
75.5|215|23|
84.3|215|24|
80.7|215|25|
41.3|215|26|
42.7|215|27|
56.6|215|28|
54.8|215|29|
91.7|215|30|
64.3|215|31|
36.2|215|32|
40.3|215|33|
83.9|215|34|
74.2|215|35|
75.3|215|36|
53.5|215|37|
44.5|215|38|
61.4|215|39|
78.6|215|40|
49.4|215|41|
83|215|42|
76.8|215|43|
86.4|215|44|
88.2|215|45|
92.6|215|46|
48.2|215|47|
72.9|215|48|
73.3|215|49|
75.8|215|50|
69|215|51|
66|215|52|
59.3|215|53|
43.3|215|54|
87.1|215|55|
58.5|215|56|
45.3|215|57|
71.8|215|58|
91.9|215|59|
88.8|215|60|
69.2|215|61|
45.4|215|62|
77.1|215|63|
93.3|215|64|
58.5|215|65|
86.8|215|66|
75.6|215|67|
64.7|215|68|
44.9|215|69|
45.3|215|70|
66.3|215|71|
49.2|215|72|
61.3|215|74|
83.5|215|75|
92.7|215|76|
62.7|215|77|
69.6|215|78|
78.9|215|79|
66.5|215|80|
92.6|215|81|
90.1|215|82|
87.5|215|83|
72.2|215|84|
90.6|215|85|
72.1|215|86|
80.6|215|87|
56.2|215|88|
61.9|215|89|
80.7|215|90|
66.6|215|91|
59.4|215|92|
84.2|215|93|
72.8|215|94|
49.9|215|95|
46.3|215|96|
69.1|215|97|
91.2|215|98|
85.5|215|99|
89.9|215|100|
51.4|215|101|
47.5|215|102|
79.7|215|103|
70.9|215|104|
41.2|215|105|
87.7|215|106|
52.1|215|108|
78.6|215|109|
75.9|215|110|
60.6|215|111|
70.3|215|112|
73.6|215|114|
80.7|215|115|
66|215|116|
42.8|215|117|
56.5|215|118|
63.7|215|119|
56.8|215|121|
92.7|215|122|
91.4|215|123|
64.4|215|124|
36|215|125|
52.7|215|126|
75.3|215|128|
94.8|215|129|
82.7|215|130|
55|215|131|
80.3|215|132|
68.5|215|133|
78.2|215|134|
53.9|215|135|
71.8|215|136|
75|215|137|
70.2|215|138|
85.8|215|139|
84.3|215|140|
85.1|215|141|
80.6|215|142|
81.3|215|143|
51.5|215|144|
69.9|215|145|
59|215|147|
85.7|215|148|
50.4|215|149|
78.5|215|150|
80.1|215|151|
42.2|215|152|
92.9|215|153|
84.9|215|154|
88.6|215|155|
55.5|215|156|
69.9|215|158|
89.9|215|159|
42.8|215|160|
88.5|215|161|
77.2|215|162|
76.9|215|163|
73.6|215|164|
72.1|215|165|
50.1|215|166|
73|215|167|
93.2|215|168|
94.3|215|169|
54|215|170|
64.2|215|171|
51.9|215|172|
74.6|215|173|
62.8|215|174|
50.2|215|175|
71.4|215|176|
79.6|215|177|
73.1|215|178|
80|215|179|
70.1|215|180|
51.5|215|182|
74.2|215|183|
86|215|184|
91.6|215|185|
91.7|215|186|
80.2|215|187|
69.6|215|188|
59.2|215|189|
76.3|215|190|
68|215|191|
49.3|215|192|
57|215|193|
54.4|215|194|
49.1|216|0|
78.8|216|1|
75.5|216|2|
85.4|216|3|
57|216|4|
77.2|216|5|
82.8|216|6|
75.1|216|7|
93.5|216|8|
90.9|216|9|
74.9|216|10|
80|216|11|
83.9|216|12|
59.9|216|13|
81.4|216|14|
81.2|216|15|
91.5|216|16|
72.2|216|17|
51.2|216|18|
61|216|19|
69.2|216|20|
76.5|216|21|
71.9|216|22|
75.7|216|23|
84.4|216|24|
81.2|216|25|
42|216|26|
42.7|216|27|
57.2|216|28|
55.6|216|29|
92|216|30|
64.5|216|31|
37.2|216|32|
39.8|216|33|
84.3|216|34|
74.9|216|35|
75.9|216|36|
53.7|216|37|
45.3|216|38|
61.3|216|39|
78.9|216|40|
50.8|216|41|
83.2|216|42|
77.1|216|43|
86.9|216|44|
88.5|216|45|
92.8|216|46|
48.9|216|47|
72.9|216|48|
73.8|216|49|
75.6|216|50|
69.5|216|51|
66.2|216|52|
59.2|216|53|
43.4|216|54|
87.5|216|55|
59.6|216|56|
46|216|57|
71.8|216|58|
92.2|216|59|
88.7|216|60|
69.6|216|61|
45.6|216|62|
77.6|216|63|
93.6|216|64|
58.7|216|65|
86.6|216|66|
76|216|67|
64.8|216|68|
45.6|216|69|
45.7|216|70|
66.6|216|71|
49.7|216|72|
61.8|216|74|
83.8|216|75|
93.2|216|76|
63.7|216|77|
70|216|78|
79.9|216|79|
67.2|216|80|
93.6|216|81|
90.2|216|82|
87.8|216|83|
72.2|216|84|
91|216|85|
72.2|216|86|
80.8|216|87|
56.8|216|88|
62.2|216|89|
80.9|216|90|
66.9|216|91|
59.8|216|92|
84.5|216|93|
72.5|216|94|
50.7|216|95|
46.3|216|96|
69|216|97|
91.5|216|98|
86|216|99|
90.4|216|100|
51.5|216|101|
47.8|216|102|
80.1|216|103|
71.3|216|104|
42|216|105|
88.1|216|106|
51.9|216|108|
79|216|109|
76.4|216|110|
60.8|216|111|
70.5|216|112|
73|216|114|
80.9|216|115|
66.9|216|116|
43.5|216|117|
57.1|216|118|
63.9|216|119|
57.2|216|121|
92.9|216|122|
91.7|216|123|
64.9|216|124|
36.5|216|125|
52.8|216|126|
75.7|216|128|
95.1|216|129|
83.4|216|130|
55.6|216|131|
80.8|216|132|
68.7|216|133|
78.9|216|134|
54.1|216|135|
71.8|216|136|
75.5|216|137|
70.4|216|138|
86.4|216|139|
84.6|216|140|
84.7|216|141|
80.8|216|142|
81.7|216|143|
52.5|216|144|
70.4|216|145|
59.3|216|147|
85.7|216|148|
50.6|216|149|
79.1|216|150|
80.1|216|151|
42.3|216|152|
93.3|216|153|
85.1|216|154|
89.2|216|155|
55.3|216|156|
70.2|216|158|
90.1|216|159|
41.8|216|160|
88.8|216|161|
77.4|216|162|
77.2|216|163|
74.4|216|164|
72.5|216|165|
50.5|216|166|
72.6|216|167|
93.4|216|168|
94.3|216|169|
53.9|216|170|
64.7|216|171|
51.8|216|172|
75.3|216|173|
62.8|216|174|
50.6|216|175|
71.5|216|176|
79.6|216|177|
73.6|216|178|
80|216|179|
70.6|216|180|
52|216|182|
74.6|216|183|
86.3|216|184|
91.8|216|185|
91.9|216|186|
80.6|216|187|
70.1|216|188|
59.2|216|189|
75.2|216|190|
68.5|216|191|
47.7|216|192|
58|216|193|
54.9|216|194|
49.3|217|0|
78.9|217|1|
75.8|217|2|
85.2|217|3|
57.6|217|4|
77.4|217|5|
83.2|217|6|
75.8|217|7|
93.7|217|8|
91.2|217|9|
75.2|217|10|
80.4|217|11|
83.9|217|12|
60.9|217|13|
81.3|217|14|
81.5|217|15|
91.7|217|16|
71.9|217|17|
51.5|217|18|
61.5|217|19|
70|217|20|
76.7|217|21|
72.4|217|22|
76|217|23|
84.3|217|24|
81.3|217|25|
42.9|217|26|
42.1|217|27|
57.8|217|28|
56|217|29|
92.1|217|30|
64.7|217|31|
37.6|217|32|
40.1|217|33|
84.5|217|34|
75.3|217|35|
76|217|36|
53.9|217|37|
45.6|217|38|
60.9|217|39|
79.2|217|40|
51.2|217|41|
83.5|217|42|
77.7|217|43|
87.1|217|44|
88.8|217|45|
92.9|217|46|
49.2|217|47|
72.3|217|48|
74.1|217|49|
75.7|217|50|
69.6|217|51|
66.5|217|52|
59|217|53|
43.1|217|54|
87.9|217|55|
60.3|217|56|
46.7|217|57|
72.1|217|58|
92.4|217|59|
89|217|60|
70|217|61|
45.9|217|62|
78.3|217|63|
93.8|217|64|
59.1|217|65|
87.1|217|66|
76|217|67|
64.9|217|68|
46.3|217|69|
46|217|70|
66.8|217|71|
50.1|217|72|
62.1|217|74|
84.1|217|75|
93.5|217|76|
64.3|217|77|
70.4|217|78|
79.9|217|79|
68.4|217|80|
93.9|217|81|
90.4|217|82|
88.1|217|83|
72.5|217|84|
91.3|217|85|
72.2|217|86|
81.3|217|87|
57.4|217|88|
62.3|217|89|
80.9|217|90|
67.1|217|91|
60.2|217|92|
84.9|217|93|
73.2|217|94|
51.4|217|95|
46.6|217|96|
70.4|217|97|
91.6|217|98|
86.6|217|99|
90.8|217|100|
51.8|217|101|
48.2|217|102|
80.2|217|103|
71.6|217|104|
42.6|217|105|
88.3|217|106|
69.6|217|107|
52.4|217|108|
79.3|217|109|
76.5|217|110|
61.2|217|111|
70.9|217|112|
72.9|217|114|
81.3|217|115|
67.5|217|116|
44.2|217|117|
57.7|217|118|
64.3|217|119|
57.4|217|121|
93.2|217|122|
92|217|123|
65.3|217|124|
37.3|217|125|
53.3|217|126|
75.8|217|128|
95.3|217|129|
83.3|217|130|
55.8|217|131|
81.1|217|132|
68.9|217|133|
79.3|217|134|
54.3|217|135|
72.2|217|136|
75.6|217|137|
70.9|217|138|
86.8|217|139|
84.8|217|140|
84.8|217|141|
81.3|217|142|
82.2|217|143|
52.9|217|144|
70.6|217|145|
60.3|217|147|
85.6|217|148|
51|217|149|
79.4|217|150|
80|217|151|
43.5|217|152|
93.4|217|153|
85.4|217|154|
89.9|217|155|
55.5|217|156|
70.4|217|158|
90.4|217|159|
41.4|217|160|
89.1|217|161|
77.6|217|162|
77.4|217|163|
74.4|217|164|
72.6|217|165|
50.7|217|166|
72.2|217|167|
93.5|217|168|
94.3|217|169|
54.4|217|170|
65.1|217|171|
52.2|217|172|
76.2|217|173|
62.4|217|174|
51|217|175|
71.7|217|176|
79.9|217|177|
73.8|217|178|
80.5|217|179|
70.8|217|180|
52.2|217|182|
74.7|217|183|
86.4|217|184|
91.9|217|185|
91.9|217|186|
80.7|217|187|
70.7|217|188|
59.5|217|189|
73.5|217|190|
69|217|191|
46.3|217|192|
58.9|217|193|
55.3|217|194|
49.6|218|0|
79.1|218|1|
75.9|218|2|
85.7|218|3|
57.4|218|4|
77.6|218|5|
83|218|6|
76|218|7|
93.8|218|8|
91.4|218|9|
75.4|218|10|
80.5|218|11|
83.8|218|12|
61.4|218|13|
81.3|218|14|
81.7|218|15|
91.9|218|16|
72|218|17|
52|218|18|
61.7|218|19|
70.3|218|20|
76.9|218|21|
72.8|218|22|
76.1|218|23|
84.5|218|24|
81.6|218|25|
43.4|218|26|
42.3|218|27|
58.1|218|28|
56.3|218|29|
92.2|218|30|
65.1|218|31|
38.1|218|32|
40.1|218|33|
84.7|218|34|
75.8|218|35|
76.1|218|36|
53.8|218|37|
45.9|218|38|
60.9|218|39|
79.4|218|40|
51.6|218|41|
83.7|218|42|
77.8|218|43|
87.3|218|44|
89.1|218|45|
93|218|46|
49.5|218|47|
72.4|218|48|
74.5|218|49|
75.8|218|50|
70|218|51|
66.7|218|52|
58.8|218|53|
43.4|218|54|
88.2|218|55|
60.8|218|56|
47|218|57|
72.4|218|58|
92.5|218|59|
89.1|218|60|
70.2|218|61|
46.6|218|62|
78.6|218|63|
93.9|218|64|
59.6|218|65|
87.2|218|66|
76.3|218|67|
65.1|218|68|
46.6|218|69|
46.1|218|70|
67|218|71|
50.3|218|72|
62.3|218|74|
84.5|218|75|
93.8|218|76|
64.7|218|77|
70.7|218|78|
79.7|218|79|
68.9|218|80|
94.2|218|81|
90.6|218|82|
88.3|218|83|
72.6|218|84|
91.5|218|85|
72.3|218|86|
81.7|218|87|
57.9|218|88|
62.3|218|89|
80.8|218|90|
67.4|218|91|
60.4|218|92|
85.4|218|93|
73|218|94|
51.8|218|95|
46.5|218|96|
70.8|218|97|
91.7|218|98|
86.9|218|99|
90.9|218|100|
52.1|218|101|
48.5|218|102|
80.4|218|103|
71.9|218|104|
42.7|218|105|
88.5|218|106|
69.8|218|107|
52.7|218|108|
79.6|218|109|
76.7|218|110|
61.4|218|111|
71.1|218|112|
73.5|218|114|
81.6|218|115|
67.6|218|116|
44.6|218|117|
58.4|218|118|
64.5|218|119|
57.9|218|121|
93.4|218|122|
92.1|218|123|
65.1|218|124|
37.7|218|125|
53.4|218|126|
75.9|218|128|
95.4|218|129|
83.4|218|130|
56|218|131|
81.4|218|132|
69|218|133|
79.5|218|134|
54.3|218|135|
72.4|218|136|
75.9|218|137|
71.2|218|138|
87.2|218|139|
85|218|140|
84.8|218|141|
81.6|218|142|
82.4|218|143|
53.6|218|144|
70.7|218|145|
60.9|218|147|
85.7|218|148|
51.4|218|149|
79.9|218|150|
80.1|218|151|
43.8|218|152|
93.5|218|153|
85.7|218|154|
90.2|218|155|
55.7|218|156|
70.5|218|158|
90.6|218|159|
41.3|218|160|
89.3|218|161|
78|218|162|
77.7|218|163|
74.5|218|164|
72.8|218|165|
50.8|218|166|
72.4|218|167|
93.7|218|168|
94.6|218|169|
54.9|218|170|
65.6|218|171|
52.8|218|172|
76.5|218|173|
62.6|218|174|
51.3|218|175|
71.7|218|176|
79.9|218|177|
73.9|218|178|
80.7|218|179|
71|218|180|
52.8|218|182|
75|218|183|
86.6|218|184|
92|218|185|
92|218|186|
80.8|218|187|
71|218|188|
59.7|218|189|
72.6|218|190|
69.3|218|191|
46.3|218|192|
59.1|218|193|
56.3|218|194|
