1.2|183|135|
0.3|186|36|
1|186|49|
1.2|186|149|
1.3|187|27|
0.4|187|68|
3.2|187|105|
1.5|187|116|
1.6|187|162|
0.9|187|173|
1.2|187|177|
0.6|188|51|
0.5|188|52|
1.6|188|65|
1.4|188|175|
0.6|188|178|
0.9|188|182|
0.4|188|194|
0.5|189|20|
0.9|189|23|
1.7|189|110|
2|189|156|
1.4|190|35|
1.5|190|86|
8|190|108|
4.4|190|126|
0.2|190|136|
2.6|191|13|
1.1|191|29|
0.6|191|49|
2.3|191|51|
1.2|191|84|
4.8|191|131|
0.6|191|137|
2.8|191|172|
0.1|191|186|
5.4|191|192|
3|192|2|
3|192|13|
1.3|192|35|
0.3|192|84|
1.2|192|101|
2.1|192|102|
1.1|192|116|
3.2|192|119|
6.7|192|125|
5|192|131|
1.8|192|144|
2.2|192|193|
2.5|193|13|
5.9|193|26|
1.8|193|51|
0.5|193|52|
3.8|193|65|
7|193|77|
2.6|193|84|
2.6|193|88|
0.9|193|124|
3|193|149|
4.5|193|170|
1|193|179|
1.3|193|191|
3.2|194|13|
1.2|194|20|
2.6|194|32|
2.2|194|41|
3|194|72|
0.9|194|84|
2.4|194|88|
3.5|194|104|
0.8|194|130|
4.2|194|158|
1.7|194|194|
4.2|195|2|
2.7|195|13|
1.8|195|35|
0.5|195|36|
2.3|195|51|
5.1|195|54|
1.5|195|68|
0.8|195|84|
1.8|195|87|
1.5|195|97|
2|195|182|
1.8|196|4|
2.8|196|13|
4.6|196|18|
1|196|23|
4.5|196|28|
4.5|196|37|
0.6|196|49|
0.3|196|74|
0.1|196|84|
1.6|196|94|
9.8|196|105|
2.8|196|121|
0.7|196|137|
2.9|196|172|
6.1|196|188|
1.7|196|193|
6.8|197|13|
6.1|197|33|
2.5|197|53|
0.3|197|84|
0.6|197|86|
0.8|197|91|
2.5|197|101|
9.2|197|104|
2|197|116|
4.3|197|117|
0.3|197|134|
6.8|197|192|
1|198|7|
2.3|198|13|
0.7|198|20|
1.8|198|29|
0.6|198|35|
1.9|198|41|
0.4|198|52|
2.5|198|65|
0.9|198|84|
3.1|198|88|
4.1|198|102|
0.7|198|110|
1.4|198|121|
1.5|198|124|
6.5|198|125|
3.6|198|175|
0.8|198|179|
2|199|13|
0.8|199|19|
5.6|199|26|
0.4|199|50|
1.4|199|68|
4|199|69|
5.7|199|77|
0.9|199|84|
1|199|87|
1.9|199|114|
0.4|199|128|
1.3|199|130|
0.8|199|142|
2|199|172|
0.8|199|187|
2.8|199|191|
1.8|199|193|
4.1|199|194|
6.2|200|1|
1.1|200|2|
0.7|200|7|
4.1|200|10|
2.5|200|13|
3.5|200|21|
2.7|200|22|
1.6|200|27|
7.5|200|28|
4.7|200|32|
4.2|200|33|
0.5|200|35|
0.4|200|36|
7.2|200|37|
0.5|200|49|
4.2|200|53|
0.7|200|56|
3.8|200|57|
1.5|200|61|
2.5|200|62|
1.6|200|68|
4.8|200|70|
4.3|200|71|
1.5|200|72|
0.9|200|78|
2.4|200|80|
1.5|200|84|
2.9|200|88|
7.5|200|92|
3|200|95|
2.2|200|96|
2.9|200|102|
7.2|200|108|
3|200|114|
2.9|200|118|
3|200|119|
6.1|200|125|
0.4|200|137|
1.1|200|142|
3.8|200|144|
1.2|200|147|
2.9|200|149|
3.9|200|152|
0.5|200|153|
2.4|200|162|
2|200|167|
0.9|200|177|
1.5|200|182|
3.8|200|183|
1|200|191|
2.3|201|13|
3.1|201|18|
6.1|201|38|
1|201|45|
0.2|201|74|
0.8|201|78|
1|201|84|
0.4|201|90|
3.5|201|104|
4.2|201|105|
3.6|201|117|
2.8|201|121|
0.9|201|124|
5.8|201|131|
1|201|142|
5.4|201|170|
0|201|186|
5|202|2|
2.1|202|13|
0.8|202|35|
9.6|202|47|
0.8|202|49|
4.8|202|54|
0.8|202|68|
0.7|202|84|
0.8|202|86|
0.5|202|90|
2.5|202|102|
3.5|202|127|
0.7|202|142|
4.9|202|174|
0.5|202|187|
3.9|202|188|
2.4|202|191|
2.3|202|193|
2.1|203|13|
0.6|203|20|
9.7|203|26|
1.8|203|51|
0.3|203|52|
2.8|203|65|
2.4|203|88|
0.7|203|90|
5|203|116|
2.1|203|117|
3.7|203|118|
4.7|203|126|
0.4|203|134|
1.6|203|138|
0.2|203|159|
0.9|203|187|
2.8|203|191|
6.4|203|192|
3.5|204|0|
3.5|204|13|
1.3|204|25|
2.3|204|29|
6.5|204|33|
0.4|204|36|
0.7|204|50|
1.3|204|53|
2|204|58|
0.1|204|64|
5.1|204|78|
1.1|204|84|
1.1|204|90|
2.9|204|94|
2.2|204|95|
5.6|204|101|
3.2|204|102|
0.1|204|114|
0|204|124|
1.4|204|133|
4.3|204|158|
1|204|172|
0.4|204|179|
0.7|204|187|
2.8|204|191|
3.7|205|1|
0.2|205|6|
2.6|205|7|
1.9|205|13|
0.6|205|15|
1.8|205|28|
0.8|205|35|
3|205|39|
2.5|205|51|
4.7|205|57|
1.1|205|63|
4.2|205|69|
2.4|205|88|
1|205|90|
2.4|205|112|
1.1|205|114|
2.2|205|115|
1.3|205|128|
0.8|205|135|
0.1|205|137|
1.7|205|144|
4.5|205|148|
2.3|205|149|
1.8|205|150|
4.2|205|152|
3.5|205|171|
0.1|205|186|
2.8|205|191|
4.4|205|192|
2.9|205|194|
1.7|206|2|
2.2|206|10|
1.6|206|13|
0.8|206|17|
1.5|206|21|
12.1|206|26|
2.6|206|29|
5|206|32|
3.1|206|41|
0.5|206|50|
1.2|206|56|
1.8|206|62|
1.8|206|65|
4.5|206|70|
2.6|206|71|
3.3|206|72|
0.3|206|74|
6.8|206|77|
2.7|206|80|
0.9|206|84|
2.3|206|87|
0.6|206|90|
1|206|91|
1.7|206|92|
1.5|206|102|
6.1|206|105|
0.4|206|110|
2.7|206|121|
0.5|206|124|
4.3|206|125|
0.7|206|133|
4.4|206|157|
12.9|206|160|
5.7|206|166|
1|206|167|
4.8|206|170|
1.4|206|173|
6.3|206|175|
1.2|206|178|
2.1|206|180|
2.2|206|182|
1.6|206|188|
2.5|206|191|
4.3|207|4|
0|207|8|
2.9|207|13|
3|207|22|
0.4|207|23|
0.8|207|25|
4.8|207|38|
5.4|207|41|
0.9|207|49|
2.8|207|69|
6.8|207|78|
1.2|207|84|
0.8|207|90|
3|207|96|
2.9|207|97|
3.8|207|108|
2|207|119|
0.2|207|120|
6.6|207|126|
0.2|207|137|
1.4|207|156|
2.8|207|162|
3|207|171|
4.5|207|174|
0.9|207|181|
1|207|187|
1.9|207|189|
2.4|207|191|
2.3|207|193|
1.4|208|19|
0.5|208|20|
1.9|208|28|
0.6|208|35|
3.8|208|51|
0.5|208|52|
0.3|208|56|
2.4|208|65|
0.3|208|84|
2.1|208|88|
0.5|208|90|
1.1|208|108|
1.3|208|117|
7.7|208|126|
0.3|208|134|
2|208|138|
5|208|147|
4.6|208|152|
2.4|208|158|
0.7|208|175|
0.3|208|179|
2.5|208|191|
5.9|209|1|
0.4|209|24|
2.7|209|26|
0.7|209|35|
0.6|209|63|
0.2|209|68|
1.2|209|71|
0.2|209|86|
0.3|209|90|
0.3|209|91|
1.5|209|95|
2.7|209|104|
2.1|209|118|
0.5|209|127|
0.8|209|130|
0.2|209|137|
1.6|209|144|
4.3|209|157|
1.9|209|162|
1.3|209|171|
0.8|209|172|
7.6|209|174|
1.4|209|182|
0|209|186|
0.5|209|194|
2|210|7|
2|210|19|
5.9|210|26|
1.4|210|27|
2.7|210|28|
1.9|210|32|
6.3|210|33|
0.7|210|35|
0.2|210|36|
2.8|210|38|
4|210|54|
0.4|210|56|
2.1|210|62|
1|210|70|
5.4|210|78|
1.5|210|84|
0.2|210|85|
1.7|210|87|
0.6|210|90|
1|210|96|
1.5|210|102|
1.9|210|105|
0.5|210|114|
1|210|133|
6.4|210|135|
0.1|210|137|
0.9|210|144|
0.8|210|150|
3.2|210|152|
0.1|210|159|
9.9|210|160|
4.1|210|166|
0.8|210|167|
5.5|210|170|
1.3|210|172|
1|210|175|
1.2|210|191|
0.8|210|194|
2.9|211|10|
4.1|211|13|
1.2|211|17|
2.2|211|26|
2|211|29|
1.7|211|39|
1.7|211|53|
2.9|211|57|
1.4|211|65|
1.1|211|69|
1.4|211|79|
2.7|211|80|
0.4|211|90|
1.4|211|92|
4|211|108|
1|211|116|
2.4|211|117|
2.9|211|121|
3.1|211|126|
0.2|211|128|
5.7|211|131|
0.1|211|137|
2|211|138|
2.3|211|149|
1.7|211|172|
2.1|211|177|
1.5|211|182|
0|211|187|
3.4|211|192|
1.4|212|2|
2|212|14|
0.5|212|20|
1.6|212|21|
1.8|212|26|
1.6|212|32|
4.5|212|37|
1.8|212|41|
9.2|212|47|
0.7|212|50|
1.3|212|61|
1.6|212|62|
4.1|212|69|
1.3|212|72|
0.3|212|74|
0.8|212|84|
0.7|212|86|
0.6|212|90|
1.3|212|91|
0.9|212|101|
1.9|212|108|
0.4|212|110|
0.5|212|112|
0.7|212|124|
2.7|212|125|
0.6|212|127|
0.4|212|136|
0.1|212|137|
0.5|212|144|
1.2|212|149|
1.2|212|151|
3.1|212|158|
3|212|162|
0.7|212|164|
4.1|212|171|
2.2|212|173|
0.7|212|175|
2.1|212|176|
1.7|212|178|
0.3|212|182|
0|212|186|
4|213|0|
1.1|213|10|
4.9|213|13|
1.6|213|26|
2.9|213|38|
0.8|213|49|
4.3|213|62|
6.7|213|78|
0.7|213|90|
2|213|96|
0.4|213|114|
1.2|213|115|
2.8|213|119|
2.5|213|125|
9|213|126|
3.3|213|131|
0.2|213|137|
2.4|213|138|
1.9|213|149|
4.3|213|152|
1.5|213|172|
2.1|213|174|
0.5|213|179|
1.5|213|189|
1.6|213|191|
5.4|213|192|
2.5|213|193|
3.2|214|13|
0.9|214|18|
2.5|214|25|
1.7|214|26|
2.5|214|28|
1.3|214|29|
2.6|214|39|
0.6|214|50|
4.8|214|51|
0.4|214|52|
0.4|214|56|
2.5|214|57|
0.7|214|65|
1.4|214|70|
1.7|214|71|
4.6|214|77|
0.5|214|84|
1|214|88|
0.6|214|90|
0.8|214|91|
0.6|214|95|
5.3|214|97|
1.1|214|102|
3.2|214|121|
2.7|214|125|
1.8|214|126|
2.4|214|130|
0.3|214|133|
0.1|214|137|
1.3|214|145|
0.8|214|147|
0.7|214|149|
1.1|214|150|
4.5|214|166|
0.9|214|172|
1.5|214|175|
0.9|214|182|
4.8|214|191|
0.7|214|194|
1.1|215|4|
0.5|215|17|
4.4|215|33|
0.1|215|68|
7.7|215|77|
1.1|215|87|
2.4|215|92|
0.6|215|102|
3.4|215|105|
3.5|215|108|
0.4|215|110|
1.7|215|117|
1.8|215|126|
0.1|215|137|
1.6|215|138|
0.4|215|144|
1.5|215|149|
3.6|215|156|
1.2|215|172|
1.1|215|180|
1.4|215|191|
1.1|215|194|
1.7|216|7|
0.9|216|20|
1.4|216|26|
0.9|216|27|
0.4|216|36|
1.2|216|41|
3|216|57|
2.9|216|69|
0.7|216|96|
0.6|216|102|
0.3|216|110|
0.4|216|114|
1.3|216|118|
1.9|216|121|
2.1|216|125|
2.9|216|126|
0.4|216|136|
0.1|216|137|
1.2|216|149|
0.6|216|158|
3|216|162|
1.2|216|171|
1.4|216|173|
1.3|216|182|
0.5|217|1|
1.9|217|26|
1.1|217|65|
0.8|217|72|
4.9|217|77|
3|217|92|
0.3|217|102|
1.1|217|107|
1.1|217|116|
0.5|217|127|
3.1|217|130|
0.1|217|137|
1.5|217|149|
1|217|152|
1.8|217|171|
1.1|217|175|
0.3|217|188|
1.2|217|191|
1.6|218|0|
1.3|218|13|
1.1|218|18|
1.7|218|26|
1.6|218|29|
1.3|218|62|
3.6|218|69|
3.5|218|78|
0.9|218|80|
0.7|218|91|
0.8|218|95|
1|218|101|
0.1|218|102|
2.6|218|105|
2.3|218|108|
0.3|218|114|
3|218|125|
1.8|218|126|
2.4|218|131|
0.1|218|137|
0.4|218|172|
0.9|218|178|
1.5|218|193|
1.1|219|27|
1.2|219|57|
2.2|219|149|
1.1|219|152|
0.3|219|194|
