65.9|190|0|
36.9|190|1|
48.4|190|2|
16.4|190|3|
71.7|190|4|
39.8|190|5|
30.3|190|6|
37.2|190|7|
17.4|190|8|
17|190|9|
45.5|190|10|
35.1|190|11|
44.2|190|12|
72.5|190|13|
41.5|190|14|
34.6|190|15|
15.9|190|16|
38.5|190|17|
83.7|190|18|
78.4|190|19|
59.2|190|20|
39.4|190|21|
47.7|190|22|
36.4|190|23|
20|190|24|
34.6|190|25|
90.2|190|26|
75.4|190|27|
69.9|190|28|
75.6|190|29|
14|190|30|
71.9|190|31|
82.7|190|32|
82.5|190|33|
30.7|190|34|
28.1|190|35|
37.2|190|36|
71.1|190|37|
80|190|38|
73.2|190|39|
32.4|190|40|
79.8|190|41|
36.7|190|42|
35.3|190|43|
22.3|190|44|
32.9|190|45|
15.9|190|46|
63.3|190|47|
40.2|190|48|
40|190|49|
40.8|190|50|
42.5|190|51|
28.9|190|52|
77.4|190|53|
79.9|190|54|
34|190|55|
47.3|190|56|
77.8|190|57|
42.4|190|58|
15.9|190|59|
17.1|190|60|
71.7|190|61|
84.7|190|62|
38.8|190|63|
16.3|190|64|
82.4|190|65|
18|190|66|
43.9|190|67|
43|190|68|
83.5|190|69|
79.8|190|70|
49.5|190|71|
66.3|190|72|
42.1|190|74|
33.6|190|75|
15.6|190|76|
77.1|190|77|
57.1|190|78|
50.3|190|79|
47.9|190|80|
16.9|190|81|
16.6|190|82|
17.2|190|83|
39.4|190|84|
16.8|190|85|
44.1|190|86|
57.2|190|87|
76.3|190|88|
44.9|190|89|
34.1|190|90|
55.4|190|91|
61.6|190|92|
34.2|190|93|
36.4|190|94|
53|190|95|
79|190|96|
44.5|190|97|
33.7|190|99|
16.1|190|100|
77.5|190|101|
80.6|190|102|
44.1|190|103|
81.1|190|104|
86.9|190|105|
16.9|190|106|
38.8|190|107|
79.2|190|108|
65|190|109|
40.9|190|110|
35.9|190|111|
34.2|190|112|
43.4|190|114|
36.5|190|115|
47|190|116|
81.4|190|117|
62.1|190|118|
55|190|119|
73.9|190|121|
16.9|190|122|
16.5|190|123|
48.1|190|124|
85.9|190|125|
79.7|190|126|
43.4|190|127|
35.3|190|128|
16|190|129|
55.5|190|130|
70.8|190|131|
39.2|190|133|
29.6|190|134|
56.3|190|135|
38|190|136|
54.6|190|137|
44.9|190|138|
34.1|190|139|
19.8|190|140|
35.2|190|141|
35.1|190|142|
33.7|190|143|
63.7|190|144|
41.2|190|145|
70.1|190|147|
55.2|190|148|
83|190|149|
36.6|190|150|
54.4|190|151|
82.2|190|152|
20|190|153|
35|190|154|
35.7|190|155|
50.7|190|156|
76.5|190|157|
34.9|190|158|
12.8|190|159|
80.1|190|160|
17.4|190|161|
49.9|190|162|
45.1|190|164|
42.7|190|165|
85.4|190|166|
44|190|167|
15.5|190|168|
16.7|190|169|
52.1|190|170|
47.2|190|171|
78.2|190|172|
42.3|190|173|
53.6|190|174|
81|190|175|
44.3|190|176|
42.7|190|177|
40.7|190|178|
47.5|190|179|
44.7|190|180|
78.4|190|182|
34|190|183|
40|190|184|
13.7|190|185|
14.5|190|186|
32.2|190|187|
64.8|190|188|
44|190|189|
34.3|190|190|
53.9|190|191|
85.5|190|192|
75.8|190|193|
40.8|190|194|
64.5|191|0|
35.2|191|1|
47.2|191|2|
15.3|191|3|
71.4|191|4|
38.6|191|5|
28.7|191|6|
35.8|191|7|
16.4|191|8|
16|191|9|
44.6|191|10|
34.1|191|11|
43.2|191|12|
71.8|191|13|
40.4|191|14|
33.1|191|15|
14.8|191|16|
37.1|191|17|
83.7|191|18|
78.1|191|19|
58.5|191|20|
37.9|191|21|
46.7|191|22|
34.6|191|23|
18.9|191|24|
33.3|191|25|
90.3|191|26|
74.6|191|27|
69.6|191|28|
75.4|191|29|
13.1|191|30|
71.3|191|31|
82.7|191|32|
82.5|191|33|
29.2|191|34|
26|191|35|
36.5|191|36|
70.1|191|37|
79.9|191|38|
72.8|191|39|
31.4|191|40|
79.8|191|41|
35.3|191|42|
34.3|191|43|
21.2|191|44|
31.7|191|45|
14.9|191|46|
62.3|191|47|
39|191|48|
38.7|191|49|
40.1|191|50|
41.8|191|51|
27.5|191|52|
77.2|191|53|
79.4|191|54|
32.7|191|55|
46.5|191|56|
77.1|191|57|
41.5|191|58|
14.9|191|59|
16|191|60|
71.1|191|61|
84.5|191|62|
37.6|191|63|
15.2|191|64|
82.3|191|65|
16.8|191|66|
42.6|191|67|
42.1|191|68|
83.4|191|69|
79.6|191|70|
48.7|191|71|
65.9|191|72|
40.8|191|74|
32.4|191|75|
14.6|191|76|
76.4|191|77|
55.3|191|78|
49.3|191|79|
47.2|191|80|
15.8|191|81|
15.6|191|82|
16.2|191|83|
37.9|191|84|
15.8|191|85|
42.8|191|86|
55.4|191|87|
75.2|191|88|
44.1|191|89|
33.2|191|90|
54|191|91|
60.4|191|92|
32.8|191|93|
35.2|191|94|
52.3|191|95|
78.8|191|96|
43.2|191|97|
32.4|191|99|
15.1|191|100|
76.6|191|101|
80.2|191|102|
42.4|191|103|
79.9|191|104|
86.8|191|105|
15.9|191|106|
38|191|107|
79.1|191|108|
63.4|191|109|
39.6|191|110|
35|191|111|
33.1|191|112|
41.9|191|114|
35|191|115|
45.4|191|116|
81|191|117|
60.6|191|118|
54.4|191|119|
73.2|191|121|
15.8|191|122|
15.4|191|123|
46.1|191|124|
86|191|125|
79.8|191|126|
41.9|191|127|
33.6|191|128|
14.9|191|129|
54.6|191|130|
69.8|191|131|
37.9|191|133|
29.1|191|134|
55.6|191|135|
36.3|191|136|
54.1|191|137|
43.8|191|138|
32.7|191|139|
18.5|191|140|
34.3|191|141|
33.7|191|142|
32.4|191|143|
62.2|191|144|
40|191|145|
69.5|191|147|
54.2|191|148|
83.3|191|149|
35.2|191|150|
52.6|191|151|
82.1|191|152|
19.1|191|153|
33.6|191|154|
34.3|191|155|
49.9|191|156|
75.7|191|157|
34.4|191|158|
12|191|159|
79.4|191|160|
16.3|191|161|
48.2|191|162|
43.9|191|164|
41.6|191|165|
84.8|191|166|
43.2|191|167|
14.5|191|168|
15.6|191|169|
50.9|191|170|
46.2|191|171|
77.7|191|172|
40.4|191|173|
51.9|191|174|
81|191|175|
43.3|191|176|
41.5|191|177|
39|191|178|
46.2|191|179|
43.5|191|180|
77.8|191|182|
32.7|191|183|
38.8|191|184|
12.7|191|185|
12.5|191|186|
30.7|191|187|
64.4|191|188|
43|191|189|
33.5|191|190|
52.3|191|191|
85.5|191|192|
74.6|191|193|
40.5|191|194|
63.2|192|0|
33.6|192|1|
46|192|2|
14.4|192|3|
71.1|192|4|
37.6|192|5|
27.4|192|6|
34.5|192|7|
15.5|192|8|
15.1|192|9|
44.2|192|10|
33.2|192|11|
42.1|192|12|
71|192|13|
39.4|192|14|
31.8|192|15|
13.9|192|16|
35.8|192|17|
83.8|192|18|
77.8|192|19|
57.7|192|20|
36.5|192|21|
46.1|192|22|
32.7|192|23|
17.9|192|24|
32.1|192|25|
90.4|192|26|
73.7|192|27|
69.2|192|28|
75.2|192|29|
12.3|192|30|
70.7|192|31|
82.7|192|32|
82.4|192|33|
27.7|192|34|
24|192|35|
35.9|192|36|
69.1|192|37|
79.8|192|38|
72.5|192|39|
30.3|192|40|
79.7|192|41|
34|192|42|
33.5|192|43|
20.1|192|44|
30.6|192|45|
14|192|46|
61.3|192|47|
38|192|48|
37.5|192|49|
39.4|192|50|
41|192|51|
26.2|192|52|
76.9|192|53|
78.9|192|54|
31.5|192|55|
45.6|192|56|
76.3|192|57|
41|192|58|
14|192|59|
15|192|60|
70.4|192|61|
84.2|192|62|
36.6|192|63|
14.3|192|64|
82.2|192|65|
15.8|192|66|
41.6|192|67|
41.5|192|68|
83.2|192|69|
79.3|192|70|
48|192|71|
65.6|192|72|
39.5|192|74|
31.4|192|75|
13.7|192|76|
75.8|192|77|
53.6|192|78|
48.2|192|79|
46.4|192|80|
14.9|192|81|
14.7|192|82|
15.3|192|83|
36.7|192|84|
14.8|192|85|
41.8|192|86|
53.8|192|87|
74.1|192|88|
43.3|192|89|
32.2|192|90|
52.7|192|91|
59.2|192|92|
31.7|192|93|
33.9|192|94|
51.5|192|95|
79|192|96|
42.2|192|97|
31.2|192|99|
14.2|192|100|
75.6|192|101|
79.8|192|102|
40.8|192|103|
78.4|192|104|
86.7|192|105|
15|192|106|
37.4|192|107|
78.9|192|108|
61.7|192|109|
38.3|192|110|
34.3|192|111|
32.1|192|112|
40.5|192|114|
33.6|192|115|
43.7|192|116|
80.5|192|117|
59.1|192|118|
54|192|119|
72.5|192|121|
14.9|192|122|
14.5|192|123|
44.1|192|124|
86|192|125|
79.7|192|126|
40.3|192|127|
31.9|192|128|
14|192|129|
53.5|192|130|
68.7|192|131|
36.5|192|133|
28.6|192|134|
54.7|192|135|
34.8|192|136|
53.8|192|137|
42.7|192|138|
31.5|192|139|
17.5|192|140|
33.3|192|141|
32.4|192|142|
31.1|192|143|
60.6|192|144|
38.9|192|145|
68.8|192|147|
53.3|192|148|
83.6|192|149|
33.8|192|150|
50.8|192|151|
82|192|152|
18.2|192|153|
32.4|192|154|
33|192|155|
49.1|192|156|
74.8|192|157|
34|192|158|
11.3|192|159|
78.8|192|160|
15.3|192|161|
46.7|192|162|
42.9|192|164|
40.5|192|165|
84.1|192|166|
42.4|192|167|
13.7|192|168|
14.6|192|169|
49.7|192|170|
45.4|192|171|
77.3|192|172|
38.5|192|173|
50.1|192|174|
80.8|192|175|
42.3|192|176|
40.3|192|177|
37.3|192|178|
45|192|179|
42.4|192|180|
77.2|192|182|
31.4|192|183|
37.8|192|184|
11.9|192|185|
10.8|192|186|
29.3|192|187|
63.8|192|188|
42.1|192|189|
32.6|192|190|
50.4|192|191|
85.4|192|192|
73.3|192|193|
40.5|192|194|
61.8|193|0|
32.1|193|1|
44.9|193|2|
13.6|193|3|
70.8|193|4|
36.7|193|5|
26|193|6|
33.4|193|7|
14.7|193|8|
14.3|193|9|
43.8|193|10|
32.5|193|11|
41.1|193|12|
70.2|193|13|
38.6|193|14|
30.6|193|15|
13.2|193|16|
34.6|193|17|
83.8|193|18|
77.2|193|19|
57|193|20|
35.2|193|21|
45.5|193|22|
31.1|193|23|
17.1|193|24|
31.1|193|25|
90.4|193|26|
72.8|193|27|
68.9|193|28|
75|193|29|
11.7|193|30|
69.9|193|31|
82.6|193|32|
82.3|193|33|
26.4|193|34|
22.1|193|35|
35.5|193|36|
68|193|37|
79.7|193|38|
72.1|193|39|
29.4|193|40|
79.7|193|41|
32.8|193|42|
32.8|193|43|
19.2|193|44|
29.6|193|45|
13.2|193|46|
60.1|193|47|
37.2|193|48|
36.2|193|49|
38.7|193|50|
40.5|193|51|
25|193|52|
76.6|193|53|
78.2|193|54|
30.4|193|55|
44.9|193|56|
75.3|193|57|
40.5|193|58|
13.3|193|59|
14.2|193|60|
69.8|193|61|
84|193|62|
35.6|193|63|
13.6|193|64|
82.1|193|65|
15|193|66|
40.8|193|67|
40.8|193|68|
83|193|69|
79.1|193|70|
47.3|193|71|
65.3|193|72|
38.4|193|74|
30.4|193|75|
13|193|76|
75.1|193|77|
51.8|193|78|
47.3|193|79|
45.7|193|80|
14.1|193|81|
14|193|82|
14.5|193|83|
35.5|193|84|
14|193|85|
40.6|193|86|
52|193|87|
72.9|193|88|
42.7|193|89|
31.2|193|90|
51.6|193|91|
58|193|92|
30.6|193|93|
32.8|193|94|
50.8|193|95|
79.3|193|96|
41.2|193|97|
30.2|193|99|
13.5|193|100|
74.7|193|101|
79.3|193|102|
39.2|193|103|
76.6|193|104|
86.5|193|105|
14.2|193|106|
36.9|193|107|
78.5|193|108|
60.1|193|109|
37.1|193|110|
33.6|193|111|
31.3|193|112|
38.9|193|114|
32.3|193|115|
42.4|193|116|
80|193|117|
57.6|193|118|
53.7|193|119|
71.7|193|121|
14.1|193|122|
13.7|193|123|
42.2|193|124|
86|193|125|
79.7|193|126|
38.8|193|127|
30.4|193|128|
13.3|193|129|
52.5|193|130|
67.5|193|131|
35.3|193|133|
28.4|193|134|
53.9|193|135|
33.2|193|136|
53.5|193|137|
41.7|193|138|
30.4|193|139|
16.5|193|140|
32.6|193|141|
31.4|193|142|
30.1|193|143|
58.9|193|144|
37.8|193|145|
68.1|193|147|
52.3|193|148|
83.7|193|149|
32.6|193|150|
49.1|193|151|
81.9|193|152|
17.4|193|153|
31.3|193|154|
31.9|193|155|
48.6|193|156|
73.8|193|157|
33.9|193|158|
10.8|193|159|
78|193|160|
14.5|193|161|
45.1|193|162|
41.9|193|164|
39.7|193|165|
83.3|193|166|
41.9|193|167|
13|193|168|
13.8|193|169|
48.5|193|170|
44.7|193|171|
76.8|193|172|
36.7|193|173|
48.3|193|174|
80.7|193|175|
41.5|193|176|
39.3|193|177|
35.8|193|178|
43.8|193|179|
41.5|193|180|
76.6|193|182|
30.4|193|183|
36.7|193|184|
11.3|193|185|
9.4|193|186|
28.2|193|187|
63.3|193|188|
41.4|193|189|
32|193|190|
48.5|193|191|
85.4|193|192|
72|193|193|
41|193|194|
60.4|194|0|
30.7|194|1|
43.7|194|2|
13|194|3|
70.4|194|4|
36|194|5|
24.8|194|6|
32.3|194|7|
14|194|8|
13.6|194|9|
43.5|194|10|
31.9|194|11|
40.2|194|12|
69.3|194|13|
37.8|194|14|
29.6|194|15|
12.6|194|16|
33.6|194|17|
83.7|194|18|
76.8|194|19|
56.3|194|20|
34|194|21|
45|194|22|
29.7|194|23|
16.3|194|24|
30.3|194|25|
90.4|194|26|
71.8|194|27|
68.4|194|28|
74.6|194|29|
11.2|194|30|
69.1|194|31|
82.5|194|32|
82.2|194|33|
25.3|194|34|
20.4|194|35|
35.2|194|36|
67|194|37|
79.5|194|38|
71.7|194|39|
28.7|194|40|
79.5|194|41|
31.8|194|42|
32.3|194|43|
18.4|194|44|
28.8|194|45|
12.6|194|46|
59.1|194|47|
36.5|194|48|
35|194|49|
38.2|194|50|
40|194|51|
23.8|194|52|
76.1|194|53|
77.3|194|54|
29.5|194|55|
44.3|194|56|
74.2|194|57|
40.3|194|58|
12.8|194|59|
13.5|194|60|
69.2|194|61|
83.7|194|62|
34.7|194|63|
12.9|194|64|
81.9|194|65|
14.3|194|66|
40|194|67|
40.3|194|68|
82.8|194|69|
78.8|194|70|
46.5|194|71|
65.1|194|72|
37.3|194|74|
29.6|194|75|
12.5|194|76|
74.3|194|77|
50|194|78|
46.5|194|79|
44.8|194|80|
13.4|194|81|
13.3|194|82|
13.8|194|83|
34.4|194|84|
13.3|194|85|
39.7|194|86|
50.2|194|87|
71.5|194|88|
42.2|194|89|
30.5|194|90|
50.4|194|91|
56.6|194|92|
29.7|194|93|
31.7|194|94|
50.1|194|95|
79.5|194|96|
40.1|194|97|
29.3|194|99|
12.8|194|100|
73.6|194|101|
78.8|194|102|
37.7|194|103|
74.6|194|104|
86.4|194|105|
13.6|194|106|
36.6|194|107|
78.2|194|108|
58.5|194|109|
36|194|110|
33.1|194|111|
30.7|194|112|
37.4|194|114|
31.2|194|115|
40.9|194|116|
79.4|194|117|
56.1|194|118|
53.3|194|119|
70.8|194|121|
13.4|194|122|
13|194|123|
40.2|194|124|
85.9|194|125|
79.6|194|126|
37.5|194|127|
29.2|194|128|
12.7|194|129|
51.2|194|130|
66.3|194|131|
34.1|194|133|
28.3|194|134|
53.2|194|135|
31.9|194|136|
53.3|194|137|
40.7|194|138|
29.4|194|139|
15.7|194|140|
32|194|141|
30.5|194|142|
29.2|194|143|
57.5|194|144|
37|194|145|
67.4|194|147|
51.4|194|148|
83.9|194|149|
31.6|194|150|
47.4|194|151|
81.7|194|152|
16.7|194|153|
30.4|194|154|
30.9|194|155|
48|194|156|
72.9|194|157|
33.8|194|158|
10.4|194|159|
77.4|194|160|
13.8|194|161|
43.6|194|162|
41.2|194|164|
38.9|194|165|
82.6|194|166|
41.4|194|167|
12.4|194|168|
13.1|194|169|
47.3|194|170|
44.1|194|171|
76.4|194|172|
35|194|173|
46.4|194|174|
80.5|194|175|
40.9|194|176|
38.3|194|177|
34.4|194|178|
42.6|194|179|
40.7|194|180|
76|194|182|
29.4|194|183|
35.8|194|184|
10.8|194|185|
8.4|194|186|
27|194|187|
62.8|194|188|
40.8|194|189|
31.5|194|190|
46.7|194|191|
85.3|194|192|
70.6|194|193|
41.2|194|194|
58.8|195|0|
29.5|195|1|
42.6|195|2|
12.4|195|3|
70|195|4|
35.4|195|5|
23.8|195|6|
31.2|195|7|
13.4|195|8|
13.1|195|9|
43.5|195|10|
31.5|195|11|
39.2|195|12|
68.3|195|13|
37|195|14|
28.8|195|15|
12.1|195|16|
32.6|195|17|
83.6|195|18|
76.1|195|19|
55.8|195|20|
33|195|21|
44.5|195|22|
28.3|195|23|
15.6|195|24|
29.6|195|25|
90.4|195|26|
70.8|195|27|
67.9|195|28|
74.3|195|29|
10.8|195|30|
68.2|195|31|
82.3|195|32|
82|195|33|
24.3|195|34|
19|195|35|
35|195|36|
65.8|195|37|
79.3|195|38|
71.2|195|39|
28.2|195|40|
79.3|195|41|
30.9|195|42|
31.8|195|43|
17.7|195|44|
28.1|195|45|
12.1|195|46|
58.1|195|47|
35.8|195|48|
34.1|195|49|
37.7|195|50|
39.6|195|51|
22.7|195|52|
75.8|195|53|
76.3|195|54|
28.7|195|55|
43.7|195|56|
73.1|195|57|
40.2|195|58|
12.3|195|59|
12.9|195|60|
68.5|195|61|
83.3|195|62|
33.9|195|63|
12.4|195|64|
81.7|195|65|
13.7|195|66|
39.3|195|67|
39.8|195|68|
82.5|195|69|
78.5|195|70|
45.9|195|71|
64.7|195|72|
36.2|195|74|
28.9|195|75|
12|195|76|
73.5|195|77|
48.2|195|78|
45.7|195|79|
44|195|80|
12.9|195|81|
12.8|195|82|
13.3|195|83|
33.5|195|84|
12.7|195|85|
38.7|195|86|
48.6|195|87|
70.1|195|88|
41.8|195|89|
29.7|195|90|
49|195|91|
55.3|195|92|
28.9|195|93|
30.7|195|94|
49.4|195|95|
79.6|195|96|
39.2|195|97|
28.5|195|99|
12.3|195|100|
72.5|195|101|
78|195|102|
36.3|195|103|
72.2|195|104|
86.2|195|105|
13.1|195|106|
36.2|195|107|
77.8|195|108|
56.9|195|109|
35|195|110|
32.8|195|111|
30.2|195|112|
35.9|195|114|
30.3|195|115|
39.6|195|116|
78.7|195|117|
54.5|195|118|
52.9|195|119|
70|195|121|
12.8|195|122|
12.5|195|123|
38.3|195|124|
85.8|195|125|
79.5|195|126|
36.1|195|127|
28.1|195|128|
12.2|195|129|
50.2|195|130|
65.1|195|131|
32.9|195|133|
28.4|195|134|
52.5|195|135|
30.8|195|136|
52.9|195|137|
39.8|195|138|
28.7|195|139|
15.1|195|140|
31.3|195|141|
29.6|195|142|
28.4|195|143|
55.9|195|144|
36.3|195|145|
66.7|195|147|
50.6|195|148|
84|195|149|
30.7|195|150|
45.9|195|151|
81.5|195|152|
16.1|195|153|
29.6|195|154|
30|195|155|
47.6|195|156|
71.8|195|157|
33.9|195|158|
10.1|195|159|
76.7|195|160|
13.2|195|161|
42.1|195|162|
40.4|195|164|
38.1|195|165|
81.7|195|166|
40.9|195|167|
12|195|168|
12.6|195|169|
46.2|195|170|
43.4|195|171|
75.8|195|172|
33.2|195|173|
44.4|195|174|
80.2|195|175|
40.3|195|176|
37.4|195|177|
33|195|178|
41.5|195|179|
39.8|195|180|
75.2|195|182|
28.6|195|183|
35|195|184|
10.5|195|185|
7.6|195|186|
26|195|187|
61.9|195|188|
40.4|195|189|
31|195|190|
44.8|195|191|
85.2|195|192|
69.2|195|193|
41.8|195|194|
57.2|196|0|
28.5|196|1|
41.4|196|2|
12|196|3|
69.4|196|4|
34.8|196|5|
22.9|196|6|
30.1|196|7|
12.9|196|8|
12.7|196|9|
43.1|196|10|
31|196|11|
38.4|196|12|
67.3|196|13|
36.4|196|14|
28.1|196|15|
11.7|196|16|
31.7|196|17|
83.4|196|18|
75.5|196|19|
55.3|196|20|
32.1|196|21|
44.1|196|22|
27.1|196|23|
15.1|196|24|
29|196|25|
90.4|196|26|
69.8|196|27|
67.4|196|28|
73.8|196|29|
10.4|196|30|
67.1|196|31|
82.1|196|32|
81.8|196|33|
23.4|196|34|
17.8|196|35|
34.8|196|36|
64.7|196|37|
79|196|38|
70.7|196|39|
27.8|196|40|
79|196|41|
30.1|196|42|
31.3|196|43|
17.2|196|44|
27.6|196|45|
11.7|196|46|
57|196|47|
35.3|196|48|
33.2|196|49|
37.3|196|50|
39.1|196|51|
21.9|196|52|
75.4|196|53|
75.3|196|54|
28.1|196|55|
43.3|196|56|
71.8|196|57|
40.2|196|58|
12|196|59|
12.5|196|60|
67.9|196|61|
82.9|196|62|
32.8|196|63|
12|196|64|
81.4|196|65|
13.2|196|66|
38.7|196|67|
39.6|196|68|
82.1|196|69|
78.1|196|70|
45.3|196|71|
64.4|196|72|
35.2|196|74|
28.3|196|75|
11.6|196|76|
72.6|196|77|
46.3|196|78|
44.8|196|79|
43|196|80|
12.5|196|81|
12.4|196|82|
12.8|196|83|
32.5|196|84|
12.2|196|85|
37.9|196|86|
46.8|196|87|
68.6|196|88|
41.2|196|89|
28.9|196|90|
47.6|196|91|
53.7|196|92|
28.2|196|93|
29.8|196|94|
48.9|196|95|
79.5|196|96|
38.2|196|97|
27.8|196|99|
11.9|196|100|
71.3|196|101|
77.4|196|102|
34.9|196|103|
69.3|196|104|
85.9|196|105|
12.7|196|106|
36|196|107|
77.4|196|108|
55.3|196|109|
34.1|196|110|
32.6|196|111|
29.9|196|112|
34.3|196|114|
29.5|196|115|
38.4|196|116|
77.9|196|117|
52.7|196|118|
52.6|196|119|
69|196|121|
12.4|196|122|
12.1|196|123|
36.4|196|124|
85.6|196|125|
79.3|196|126|
35|196|127|
27.3|196|128|
11.8|196|129|
49.2|196|130|
63.8|196|131|
31.8|196|133|
28.6|196|134|
51.8|196|135|
29.6|196|136|
52.4|196|137|
38.8|196|138|
28|196|139|
14.5|196|140|
30.7|196|141|
29|196|142|
27.8|196|143|
54.4|196|144|
35.7|196|145|
66|196|147|
49.6|196|148|
84|196|149|
29.9|196|150|
44.5|196|151|
81.3|196|152|
15.5|196|153|
28.9|196|154|
29.3|196|155|
47.2|196|156|
70.7|196|157|
34|196|158|
9.9|196|159|
75.8|196|160|
12.7|196|161|
40.6|196|162|
39.7|196|164|
37.5|196|165|
80.7|196|166|
40.4|196|167|
11.6|196|168|
12.1|196|169|
45|196|170|
42.9|196|171|
75.3|196|172|
31.8|196|173|
42.6|196|174|
79.8|196|175|
39.8|196|176|
36.6|196|177|
31.9|196|178|
40.4|196|179|
39|196|180|
74.5|196|182|
28|196|183|
34|196|184|
10.2|196|185|
7.1|196|186|
25.2|196|187|
61|196|188|
40|196|189|
30.7|196|190|
43|196|191|
85.1|196|192|
67.6|196|193|
42.6|196|194|
55.4|197|0|
27.5|197|1|
40.3|197|2|
11.6|197|3|
68.7|197|4|
34.4|197|5|
22.1|197|6|
29.1|197|7|
12.5|197|8|
12.3|197|9|
42.7|197|10|
30.7|197|11|
37.5|197|12|
66|197|13|
35.9|197|14|
27.5|197|15|
11.3|197|16|
30.9|197|17|
83.2|197|18|
74.7|197|19|
54.7|197|20|
31.3|197|21|
43.8|197|22|
26|197|23|
14.6|197|24|
28.5|197|25|
90.3|197|26|
68.8|197|27|
66.7|197|28|
73.2|197|29|
10.2|197|30|
66|197|31|
81.8|197|32|
81.6|197|33|
22.6|197|34|
16.7|197|35|
34.6|197|36|
63.5|197|37|
78.6|197|38|
70.2|197|39|
27.6|197|40|
78.7|197|41|
29.4|197|42|
31|197|43|
16.7|197|44|
27.1|197|45|
11.4|197|46|
56.2|197|47|
35|197|48|
32.3|197|49|
37|197|50|
38.9|197|51|
21.4|197|52|
74.8|197|53|
74.1|197|54|
27.5|197|55|
43|197|56|
70.3|197|57|
40.4|197|58|
11.7|197|59|
12.1|197|60|
67.2|197|61|
82.3|197|62|
31.9|197|63|
11.7|197|64|
81|197|65|
12.8|197|66|
38|197|67|
39.5|197|68|
81.8|197|69|
77.5|197|70|
44.7|197|71|
64|197|72|
34.4|197|74|
27.8|197|75|
11.3|197|76|
71.7|197|77|
44.6|197|78|
44|197|79|
42|197|80|
12.1|197|81|
12|197|82|
12.5|197|83|
31.8|197|84|
11.9|197|85|
37.1|197|86|
45|197|87|
67.1|197|88|
40.7|197|89|
28.4|197|90|
46.1|197|91|
52.3|197|92|
27.7|197|93|
29|197|94|
48.4|197|95|
78.9|197|96|
37.4|197|97|
27.3|197|99|
11.6|197|100|
70.2|197|101|
76.6|197|102|
33.6|197|103|
66.2|197|104|
85.5|197|105|
12.3|197|106|
35.8|197|107|
76.9|197|108|
53.7|197|109|
33.4|197|110|
32.4|197|111|
29.7|197|112|
32.8|197|114|
28.8|197|115|
37.2|197|116|
77.1|197|117|
51.2|197|118|
52.4|197|119|
67.9|197|121|
12|197|122|
11.7|197|123|
34.6|197|124|
85.4|197|125|
79|197|126|
33.8|197|127|
26.5|197|128|
11.4|197|129|
48|197|130|
62.5|197|131|
30.8|197|133|
28.6|197|134|
51.1|197|135|
28.7|197|136|
51.9|197|137|
37.9|197|138|
27.5|197|139|
14.1|197|140|
30.1|197|141|
28.4|197|142|
27.3|197|143|
52.9|197|144|
35.1|197|145|
65.3|197|147|
48.6|197|148|
84|197|149|
29.3|197|150|
43.1|197|151|
81.1|197|152|
15|197|153|
28.3|197|154|
28.7|197|155|
47|197|156|
69.6|197|157|
34.5|197|158|
9.8|197|159|
75|197|160|
12.3|197|161|
39.1|197|162|
39.1|197|164|
36.9|197|165|
79.7|197|166|
40|197|167|
11.3|197|168|
11.8|197|169|
43.9|197|170|
42.2|197|171|
74.6|197|172|
30.4|197|173|
40.8|197|174|
79.4|197|175|
39.4|197|176|
35.9|197|177|
30.9|197|178|
39.2|197|179|
38.1|197|180|
73.8|197|182|
27.5|197|183|
33.1|197|184|
10|197|185|
6.8|197|186|
24.4|197|187|
59.8|197|188|
39.7|197|189|
30.4|197|190|
41.2|197|191|
85|197|192|
66.1|197|193|
43.6|197|194|
53.9|198|0|
26.7|198|1|
39.2|198|2|
11.3|198|3|
67.9|198|4|
33.9|198|5|
21.4|198|6|
28.2|198|7|
12.2|198|8|
12|198|9|
42.2|198|10|
30.3|198|11|
36.7|198|12|
64.8|198|13|
35.4|198|14|
27|198|15|
11.1|198|16|
30.2|198|17|
82.9|198|18|
73.9|198|19|
54.4|198|20|
30.6|198|21|
43.5|198|22|
25|198|23|
14.2|198|24|
28.1|198|25|
90.2|198|26|
67.7|198|27|
65.9|198|28|
72.5|198|29|
10|198|30|
64.7|198|31|
81.4|198|32|
81.3|198|33|
22|198|34|
15.9|198|35|
34.6|198|36|
62.4|198|37|
78.1|198|38|
69.6|198|39|
27.4|198|40|
78.3|198|41|
28.9|198|42|
30.6|198|43|
16.3|198|44|
26.8|198|45|
11.1|198|46|
55.2|198|47|
34.5|198|48|
31.6|198|49|
36.7|198|50|
38.6|198|51|
21|198|52|
74|198|53|
73|198|54|
27.1|198|55|
42.6|198|56|
68.9|198|57|
40.6|198|58|
11.5|198|59|
11.8|198|60|
66.6|198|61|
81.8|198|62|
30.9|198|63|
11.4|198|64|
80.6|198|65|
12.5|198|66|
37.6|198|67|
39.2|198|68|
81.3|198|69|
77.1|198|70|
44.1|198|71|
63.7|198|72|
33.7|198|74|
27.4|198|75|
11.1|198|76|
70.8|198|77|
42.9|198|78|
43.1|198|79|
40.9|198|80|
11.8|198|81|
11.7|198|82|
12.2|198|83|
31.2|198|84|
11.6|198|85|
36.2|198|86|
43.1|198|87|
65.5|198|88|
40.2|198|89|
27.9|198|90|
44.5|198|91|
50.8|198|92|
27.2|198|93|
28.4|198|94|
48|198|95|
78.2|198|96|
36.5|198|97|
26.8|198|99|
11.3|198|100|
68.8|198|101|
75.9|198|102|
32.4|198|103|
62.7|198|104|
85.2|198|105|
12.1|198|106|
35.8|198|107|
76.4|198|108|
52.3|198|109|
32.5|198|110|
32.5|198|111|
29.7|198|112|
31.3|198|114|
28.3|198|115|
36.2|198|116|
76.2|198|117|
49.6|198|118|
52.2|198|119|
66.8|198|121|
11.7|198|122|
11.5|198|123|
32.8|198|124|
85.1|198|125|
78.8|198|126|
32.7|198|127|
25.9|198|128|
11.2|198|129|
46.9|198|130|
61.2|198|131|
29.7|198|133|
28.8|198|134|
50.7|198|135|
27.9|198|136|
51.4|198|137|
37|198|138|
27.1|198|139|
13.6|198|140|
29.5|198|141|
27.9|198|142|
26.9|198|143|
51.7|198|144|
34.8|198|145|
64.5|198|147|
47.7|198|148|
83.9|198|149|
28.8|198|150|
42|198|151|
80.8|198|152|
14.7|198|153|
27.8|198|154|
28.2|198|155|
46.7|198|156|
68.3|198|157|
34.8|198|158|
9.7|198|159|
74.1|198|160|
12|198|161|
37.7|198|162|
38.7|198|164|
36.4|198|165|
78.5|198|166|
39.5|198|167|
11.1|198|168|
11.5|198|169|
42.7|198|170|
41.5|198|171|
74.1|198|172|
29.3|198|173|
39.2|198|174|
78.9|198|175|
39.1|198|176|
35.3|198|177|
30|198|178|
38.2|198|179|
37.3|198|180|
73|198|182|
27|198|183|
32.4|198|184|
9.9|198|185|
6.5|198|186|
23.8|198|187|
58.4|198|188|
39.3|198|189|
30.3|198|190|
39.6|198|191|
84.8|198|192|
64.8|198|193|
44.6|198|194|
52.3|199|0|
26|199|1|
38|199|2|
11.1|199|3|
67.1|199|4|
33.7|199|5|
20.9|199|6|
27.7|199|7|
11.9|199|8|
11.8|199|9|
41.5|199|10|
30.1|199|11|
35.9|199|12|
63.5|199|13|
34.9|199|14|
26.7|199|15|
10.8|199|16|
29.4|199|17|
82.5|199|18|
72.9|199|19|
54|199|20|
30.1|199|21|
43.2|199|22|
24.2|199|23|
14|199|24|
27.8|199|25|
90.1|199|26|
66.5|199|27|
65.1|199|28|
71.8|199|29|
9.8|199|30|
63.3|199|31|
80.9|199|32|
80.9|199|33|
21.4|199|34|
15.2|199|35|
34.5|199|36|
61.2|199|37|
77.6|199|38|
69.1|199|39|
27.4|199|40|
77.9|199|41|
28.4|199|42|
30.4|199|43|
16|199|44|
26.5|199|45|
10.9|199|46|
54.2|199|47|
34.3|199|48|
30.9|199|49|
36.6|199|50|
38.4|199|51|
20.7|199|52|
73.3|199|53|
71.8|199|54|
26.7|199|55|
42.4|199|56|
67.4|199|57|
40.9|199|58|
11.3|199|59|
11.5|199|60|
65.9|199|61|
81.1|199|62|
30.1|199|63|
11.2|199|64|
80.1|199|65|
12.2|199|66|
37.1|199|67|
39.2|199|68|
80.9|199|69|
76.7|199|70|
43.7|199|71|
63.4|199|72|
33.4|199|74|
27.1|199|75|
10.9|199|76|
69.8|199|77|
41.4|199|78|
42.3|199|79|
39.6|199|80|
11.6|199|81|
11.5|199|82|
11.9|199|83|
30.6|199|84|
11.4|199|85|
35.7|199|86|
41.5|199|87|
64|199|88|
40|199|89|
27.6|199|90|
42.9|199|91|
49.6|199|92|
26.9|199|93|
27.8|199|94|
47.9|199|95|
77.4|199|96|
35.7|199|97|
26.5|199|99|
11.1|199|100|
67.4|199|101|
75.1|199|102|
31.5|199|103|
59.2|199|104|
84.7|199|105|
11.9|199|106|
35.7|199|107|
75.8|199|108|
50.9|199|109|
31.7|199|110|
32.6|199|111|
29.7|199|112|
30|199|114|
27.9|199|115|
35.2|199|116|
75.3|199|117|
48.1|199|118|
51.9|199|119|
65.5|199|121|
11.4|199|122|
11.2|199|123|
31.2|199|124|
84.8|199|125|
78.4|199|126|
31.6|199|127|
25.5|199|128|
10.9|199|129|
45.9|199|130|
60|199|131|
29|199|133|
29.1|199|134|
50.2|199|135|
27|199|136|
50.9|199|137|
36.1|199|138|
26.7|199|139|
13.3|199|140|
29.1|199|141|
27.5|199|142|
26.6|199|143|
50.6|199|144|
34.7|199|145|
63.8|199|147|
46.8|199|148|
83.7|199|149|
28.4|199|150|
40.9|199|151|
80.6|199|152|
14.3|199|153|
27.5|199|154|
27.8|199|155|
46.6|199|156|
67.3|199|157|
35.2|199|158|
9.7|199|159|
73.1|199|160|
11.8|199|161|
36.4|199|162|
38.2|199|164|
36|199|165|
77.3|199|166|
39.2|199|167|
10.9|199|168|
11.3|199|169|
41.7|199|170|
40.7|199|171|
73.4|199|172|
28.3|199|173|
37.9|199|174|
78.5|199|175|
38.8|199|176|
34.6|199|177|
29.3|199|178|
37.2|199|179|
36.3|199|180|
72.2|199|182|
26.7|199|183|
31.9|199|184|
9.8|199|185|
6.3|199|186|
23.2|199|187|
57|199|188|
39.1|199|189|
30.2|199|190|
38|199|191|
84.5|199|192|
63.3|199|193|
45.9|199|194|
50.9|200|0|
25.4|200|1|
37.1|200|2|
10.9|200|3|
66.2|200|4|
33.5|200|5|
20.4|200|6|
27.3|200|7|
11.7|200|8|
11.6|200|9|
40.9|200|10|
30|200|11|
35.3|200|12|
62.2|200|13|
34.5|200|14|
26.4|200|15|
10.7|200|16|
28.7|200|17|
82|200|18|
71.9|200|19|
53.8|200|20|
29.6|200|21|
43.1|200|22|
23.5|200|23|
13.7|200|24|
27.6|200|25|
89.9|200|26|
65.3|200|27|
64.3|200|28|
71|200|29|
9.6|200|30|
62|200|31|
80.4|200|32|
80.5|200|33|
20.9|200|34|
14.6|200|35|
34.5|200|36|
60.1|200|37|
77|200|38|
68.5|200|39|
27.4|200|40|
77.5|200|41|
28.1|200|42|
30.3|200|43|
15.7|200|44|
26.3|200|45|
10.7|200|46|
53.3|200|47|
34|200|48|
30.5|200|49|
36.3|200|50|
38.4|200|51|
20.8|200|52|
72.5|200|53|
70.7|200|54|
26.4|200|55|
42.2|200|56|
65.7|200|57|
41.2|200|58|
11.1|200|59|
11.3|200|60|
65.3|200|61|
80.5|200|62|
29.3|200|63|
11|200|64|
79.6|200|65|
12|200|66|
36.8|200|67|
39.3|200|68|
80.4|200|69|
76|200|70|
43.4|200|71|
63|200|72|
33.1|200|74|
26.9|200|75|
10.8|200|76|
68.8|200|77|
39.9|200|78|
41.3|200|79|
38.4|200|80|
11.4|200|81|
11.3|200|82|
11.7|200|83|
30.1|200|84|
11.2|200|85|
35.1|200|86|
39.8|200|87|
62.4|200|88|
39.7|200|89|
27.3|200|90|
41.4|200|91|
48.2|200|92|
26.6|200|93|
27.2|200|94|
47.7|200|95|
76.5|200|96|
35|200|97|
26.2|200|99|
10.9|200|100|
66.2|200|101|
74.4|200|102|
30.6|200|103|
55.6|200|104|
84.3|200|105|
11.7|200|106|
35.8|200|107|
75.3|200|108|
49.7|200|109|
31|200|110|
32.8|200|111|
29.8|200|112|
28.8|200|114|
27.6|200|115|
34.4|200|116|
74.4|200|117|
46.8|200|118|
51.8|200|119|
64.1|200|121|
11.2|200|122|
11.1|200|123|
29.8|200|124|
84.5|200|125|
78|200|126|
30.7|200|127|
25.2|200|128|
10.7|200|129|
44.9|200|130|
58.9|200|131|
28.3|200|133|
29.3|200|134|
49.9|200|135|
26.4|200|136|
50.3|200|137|
35.3|200|138|
26.5|200|139|
13|200|140|
28.7|200|141|
27.2|200|142|
26.3|200|143|
49.7|200|144|
34.7|200|145|
63.2|200|147|
45.9|200|148|
83.4|200|149|
28|200|150|
40.1|200|151|
80.2|200|152|
14.1|200|153|
27.1|200|154|
27.5|200|155|
46.8|200|156|
66.1|200|157|
35.6|200|158|
9.7|200|159|
72.2|200|160|
11.6|200|161|
35.1|200|162|
37.9|200|164|
35.5|200|165|
76|200|166|
38.9|200|167|
10.8|200|168|
11.1|200|169|
40.8|200|170|
39.8|200|171|
72.7|200|172|
27.6|200|173|
36.7|200|174|
77.9|200|175|
38.7|200|176|
34.1|200|177|
28.7|200|178|
36.2|200|179|
35.6|200|180|
71.5|200|182|
26.5|200|183|
31.2|200|184|
9.7|200|185|
6.2|200|186|
22.8|200|187|
55.7|200|188|
38.9|200|189|
30.2|200|190|
36.6|200|191|
84.3|200|192|
62.2|200|193|
47.2|200|194|
49.6|201|0|
24.9|201|1|
36.3|201|2|
10.7|201|3|
65.2|201|4|
33.4|201|5|
20.1|201|6|
27|201|7|
11.6|201|8|
11.4|201|9|
40.2|201|10|
29.9|201|11|
34.8|201|12|
60.9|201|13|
34.4|201|14|
26.2|201|15|
10.5|201|16|
28.2|201|17|
81.4|201|18|
70.7|201|19|
53.7|201|20|
29.2|201|21|
43|201|22|
23|201|23|
13.6|201|24|
27.4|201|25|
89.7|201|26|
64.1|201|27|
63.5|201|28|
70.2|201|29|
9.5|201|30|
60.7|201|31|
79.9|201|32|
80.1|201|33|
20.4|201|34|
14.2|201|35|
34.4|201|36|
59|201|37|
76.2|201|38|
68|201|39|
27.5|201|40|
77.1|201|41|
27.8|201|42|
30.2|201|43|
15.5|201|44|
26.2|201|45|
10.6|201|46|
52.5|201|47|
33.9|201|48|
30.1|201|49|
36|201|50|
38.7|201|51|
21.1|201|52|
71.7|201|53|
69.6|201|54|
26.2|201|55|
42.2|201|56|
64.2|201|57|
41.6|201|58|
11|201|59|
11.1|201|60|
64.8|201|61|
79.9|201|62|
28.7|201|63|
10.9|201|64|
79|201|65|
11.8|201|66|
36.5|201|67|
39.6|201|68|
79.8|201|69|
75.4|201|70|
43|201|71|
62.5|201|72|
32.9|201|74|
26.7|201|75|
10.6|201|76|
67.9|201|77|
38.7|201|78|
40.7|201|79|
37.4|201|80|
11.2|201|81|
11.2|201|82|
11.6|201|83|
29.7|201|84|
11|201|85|
34.9|201|86|
38.4|201|87|
60.8|201|88|
39.6|201|89|
27|201|90|
40.1|201|91|
47.1|201|92|
26.3|201|93|
26.9|201|94|
47.6|201|95|
75.7|201|96|
34.5|201|97|
26|201|99|
10.8|201|100|
64.9|201|101|
73.7|201|102|
29.9|201|103|
52|201|104|
83.8|201|105|
11.5|201|106|
35.9|201|107|
74.6|201|108|
48.6|201|109|
30.4|201|110|
33.1|201|111|
30|201|112|
27.9|201|114|
27.4|201|115|
34|201|116|
73.5|201|117|
45.7|201|118|
51.7|201|119|
62.4|201|121|
11|201|122|
11|201|123|
28.4|201|124|
84.1|201|125|
77.5|201|126|
29.7|201|127|
25|201|128|
10.6|201|129|
44.2|201|130|
58.2|201|131|
27.8|201|133|
29.5|201|134|
49.5|201|135|
25.9|201|136|
49.8|201|137|
34.4|201|138|
26.3|201|139|
12.7|201|140|
28.4|201|141|
27|201|142|
26.1|201|143|
48.7|201|144|
35|201|145|
62.7|201|147|
45.2|201|148|
83.1|201|149|
27.8|201|150|
39.4|201|151|
79.8|201|152|
13.9|201|153|
26.9|201|154|
27.2|201|155|
46.8|201|156|
65|201|157|
36.1|201|158|
9.7|201|159|
71.3|201|160|
11.4|201|161|
34|201|162|
37.5|201|164|
35.3|201|165|
74.8|201|166|
38.5|201|167|
10.7|201|168|
11|201|169|
40.1|201|170|
39|201|171|
72|201|172|
26.8|201|173|
36|201|174|
77.4|201|175|
38.6|201|176|
33.9|201|177|
28.2|201|178|
35.4|201|179|
34.7|201|180|
70.6|201|182|
26.3|201|183|
30.7|201|184|
9.6|201|185|
6.2|201|186|
22.3|201|187|
54.2|201|188|
38.8|201|189|
30.2|201|190|
35.4|201|191|
84.1|201|192|
61.2|201|193|
48.6|201|194|
48.2|202|0|
24.4|202|1|
35.7|202|2|
10.6|202|3|
64.2|202|4|
33.4|202|5|
19.8|202|6|
26.9|202|7|
11.5|202|8|
11.3|202|9|
39.6|202|10|
29.9|202|11|
34.2|202|12|
59.6|202|13|
34.3|202|14|
26|202|15|
10.4|202|16|
27.6|202|17|
80.7|202|18|
69.5|202|19|
53.8|202|20|
28.8|202|21|
42.9|202|22|
22.5|202|23|
13.5|202|24|
27.2|202|25|
89.5|202|26|
63|202|27|
62.6|202|28|
69.5|202|29|
9.4|202|30|
59.5|202|31|
79.3|202|32|
79.6|202|33|
20.1|202|34|
13.9|202|35|
34.3|202|36|
58|202|37|
75.5|202|38|
67.6|202|39|
27.7|202|40|
76.7|202|41|
27.5|202|42|
30.2|202|43|
15.3|202|44|
26.1|202|45|
10.5|202|46|
51.7|202|47|
33.9|202|48|
30|202|49|
35.8|202|50|
38.8|202|51|
21.4|202|52|
70.9|202|53|
68.6|202|54|
26|202|55|
42.3|202|56|
62.7|202|57|
41.9|202|58|
10.9|202|59|
11|202|60|
64.3|202|61|
79.2|202|62|
28.1|202|63|
10.8|202|64|
78.4|202|65|
11.6|202|66|
36.2|202|67|
40|202|68|
79.3|202|69|
74.7|202|70|
42.7|202|71|
62.3|202|72|
33|202|74|
26.5|202|75|
10.5|202|76|
67|202|77|
37.6|202|78|
39.8|202|79|
36.4|202|80|
11|202|81|
11.1|202|82|
11.4|202|83|
29.5|202|84|
10.9|202|85|
34.7|202|86|
37.3|202|87|
59.4|202|88|
39.6|202|89|
26.9|202|90|
38.9|202|91|
46|202|92|
26.1|202|93|
26.6|202|94|
47.6|202|95|
74.8|202|96|
34|202|97|
25.8|202|99|
10.7|202|100|
63.7|202|101|
72.9|202|102|
29.3|202|103|
48.8|202|104|
83.4|202|105|
11.4|202|106|
36|202|107|
74|202|108|
47.7|202|109|
30|202|110|
33.4|202|111|
30.1|202|112|
27.2|202|114|
27.2|202|115|
33.5|202|116|
72.7|202|117|
44.8|202|118|
51.7|202|119|
60.9|202|121|
10.8|202|122|
10.9|202|123|
27.3|202|124|
83.6|202|125|
77|202|126|
29.1|202|127|
24.9|202|128|
10.4|202|129|
43.6|202|130|
57.5|202|131|
27.4|202|133|
29.8|202|134|
49.4|202|135|
25.4|202|136|
49.2|202|137|
33.5|202|138|
26.1|202|139|
12.5|202|140|
28.3|202|141|
26.9|202|142|
26|202|143|
47.7|202|144|
35.2|202|145|
62.3|202|147|
44.6|202|148|
82.7|202|149|
27.6|202|150|
38.8|202|151|
79.4|202|152|
13.8|202|153|
26.7|202|154|
27|202|155|
47|202|156|
64|202|157|
36.7|202|158|
9.7|202|159|
70.4|202|160|
11.3|202|161|
33.2|202|162|
37.6|202|164|
35.1|202|165|
73.5|202|166|
38.4|202|167|
10.6|202|168|
10.9|202|169|
39.4|202|170|
38.2|202|171|
71.3|202|172|
26.3|202|173|
35.8|202|174|
76.9|202|175|
38.5|202|176|
33.7|202|177|
28|202|178|
34.7|202|179|
34.1|202|180|
70|202|182|
26.2|202|183|
30.5|202|184|
9.6|202|185|
6.1|202|186|
22|202|187|
52.7|202|188|
38.6|202|189|
30.2|202|190|
34.4|202|191|
83.9|202|192|
60.2|202|193|
50.1|202|194|
47.1|203|0|
24|203|1|
35|203|2|
10.5|203|3|
63.3|203|4|
33.3|203|5|
19.5|203|6|
27|203|7|
11.4|203|8|
11.1|203|9|
39|203|10|
30.1|203|11|
33.8|203|12|
58.2|203|13|
34.3|203|14|
25.9|203|15|
10.4|203|16|
27.1|203|17|
80|203|18|
68.1|203|19|
53.9|203|20|
28.5|203|21|
42.9|203|22|
22.2|203|23|
13.4|203|24|
27.1|203|25|
89.3|203|26|
61.7|203|27|
61.8|203|28|
68.7|203|29|
9.3|203|30|
58.5|203|31|
78.7|203|32|
79.2|203|33|
19.7|203|34|
13.8|203|35|
34.2|203|36|
57.1|203|37|
74.7|203|38|
67.3|203|39|
28|203|40|
76.3|203|41|
27.3|203|42|
30.3|203|43|
15.2|203|44|
26|203|45|
10.4|203|46|
50.9|203|47|
33.8|203|48|
29.7|203|49|
35.5|203|50|
39.2|203|51|
21.9|203|52|
70.1|203|53|
67.6|203|54|
25.8|203|55|
42.4|203|56|
61.2|203|57|
42.3|203|58|
10.8|203|59|
10.9|203|60|
63.8|203|61|
78.6|203|62|
27.6|203|63|
10.7|203|64|
77.7|203|65|
11.5|203|66|
36.1|203|67|
40.5|203|68|
78.8|203|69|
74.1|203|70|
42.6|203|71|
61.9|203|72|
33.2|203|74|
26.4|203|75|
10.5|203|76|
66.1|203|77|
36.8|203|78|
39.1|203|79|
35.7|203|80|
10.9|203|81|
11.1|203|82|
11.3|203|83|
29.3|203|84|
10.8|203|85|
34.7|203|86|
36.1|203|87|
57.8|203|88|
39.6|203|89|
26.8|203|90|
37.9|203|91|
45.2|203|92|
26|203|93|
26.4|203|94|
47.8|203|95|
74.1|203|96|
33.4|203|97|
25.7|203|99|
10.6|203|100|
62.5|203|101|
72.1|203|102|
29|203|103|
45.9|203|104|
83|203|105|
11.3|203|106|
36.1|203|107|
73.5|203|108|
46.9|203|109|
29.5|203|110|
33.9|203|111|
30.2|203|112|
26.5|203|114|
27.1|203|115|
33.2|203|116|
71.8|203|117|
44.1|203|118|
51.6|203|119|
59.2|203|121|
10.7|203|122|
10.8|203|123|
26.4|203|124|
83.1|203|125|
76.5|203|126|
28.5|203|127|
24.8|203|128|
10.3|203|129|
43.1|203|130|
57.1|203|131|
27.2|203|133|
30|203|134|
49.1|203|135|
25.1|203|136|
48.7|203|137|
32.6|203|138|
26|203|139|
12.3|203|140|
28.1|203|141|
26.7|203|142|
25.8|203|143|
47.1|203|144|
35.5|203|145|
62|203|147|
44|203|148|
82.3|203|149|
27.4|203|150|
38.4|203|151|
79|203|152|
13.7|203|153|
26.5|203|154|
26.8|203|155|
47|203|156|
63.2|203|157|
37.1|203|158|
9.7|203|159|
69.4|203|160|
11.1|203|161|
32.4|203|162|
37.5|203|164|
35|203|165|
72.1|203|166|
38.2|203|167|
10.5|203|168|
10.8|203|169|
39|203|170|
37.5|203|171|
70.6|203|172|
25.7|203|173|
35.8|203|174|
76.3|203|175|
38.7|203|176|
33.5|203|177|
27.9|203|178|
34|203|179|
33.5|203|180|
69.1|203|182|
26|203|183|
30.2|203|184|
9.6|203|185|
6.1|203|186|
21.8|203|187|
51.5|203|188|
38.5|203|189|
30.4|203|190|
33.5|203|191|
83.8|203|192|
59.7|203|193|
51.4|203|194|
46.2|204|0|
23.7|204|1|
34.5|204|2|
10.4|204|3|
62.2|204|4|
33.4|204|5|
19.4|204|6|
27.1|204|7|
11.3|204|8|
11|204|9|
38.3|204|10|
30|204|11|
33.4|204|12|
56.8|204|13|
34.2|204|14|
25.7|204|15|
10.3|204|16|
26.4|204|17|
79.2|204|18|
66.6|204|19|
54.1|204|20|
28.2|204|21|
42.8|204|22|
21.9|204|23|
13.3|204|24|
27|204|25|
89|204|26|
60.6|204|27|
61.1|204|28|
67.9|204|29|
9.2|204|30|
57.5|204|31|
78.1|204|32|
78.6|204|33|
19.4|204|34|
13.8|204|35|
33.9|204|36|
56.2|204|37|
73.9|204|38|
66.9|204|39|
28.2|204|40|
76|204|41|
27.1|204|42|
30.3|204|43|
15.1|204|44|
25.9|204|45|
10.3|204|46|
50.2|204|47|
33.9|204|48|
29.7|204|49|
35.3|204|50|
39.3|204|51|
22.5|204|52|
69.4|204|53|
66.6|204|54|
25.6|204|55|
42.5|204|56|
59.8|204|57|
42.4|204|58|
10.7|204|59|
10.8|204|60|
63.5|204|61|
78|204|62|
27|204|63|
10.6|204|64|
76.9|204|65|
11.3|204|66|
36|204|67|
41|204|68|
78.3|204|69|
73.6|204|70|
42.6|204|71|
61.7|204|72|
33.5|204|74|
26.2|204|75|
10.4|204|76|
65.4|204|77|
36|204|78|
38.3|204|79|
34.7|204|80|
10.8|204|81|
11|204|82|
11.2|204|83|
29.1|204|84|
10.8|204|85|
34.7|204|86|
35.2|204|87|
56.5|204|88|
39.7|204|89|
26.8|204|90|
37.1|204|91|
44.5|204|92|
25.9|204|93|
26.2|204|94|
47.9|204|95|
73.4|204|96|
33.1|204|97|
25.5|204|99|
10.5|204|100|
61.2|204|101|
71.2|204|102|
28.7|204|103|
43.3|204|104|
82.7|204|105|
11.2|204|106|
36.2|204|107|
72.9|204|108|
46|204|109|
29.1|204|110|
34.4|204|111|
30.3|204|112|
26|204|114|
26.9|204|115|
32.9|204|116|
70.8|204|117|
43.6|204|118|
51.5|204|119|
57.6|204|121|
10.6|204|122|
10.7|204|123|
25.8|204|124|
82.6|204|125|
75.9|204|126|
28.1|204|127|
24.7|204|128|
10.3|204|129|
42.5|204|130|
56.7|204|131|
27|204|133|
30.2|204|134|
49|204|135|
24.8|204|136|
47.9|204|137|
31.5|204|138|
25.9|204|139|
12.1|204|140|
27.9|204|141|
26.6|204|142|
25.7|204|143|
46.2|204|144|
36|204|145|
61.8|204|147|
43.4|204|148|
81.8|204|149|
27.2|204|150|
38.1|204|151|
78.6|204|152|
13.7|204|153|
26.3|204|154|
26.6|204|155|
47.1|204|156|
62.3|204|157|
37.6|204|158|
9.7|204|159|
68.6|204|160|
11|204|161|
31.6|204|162|
37.3|204|164|
34.9|204|165|
70.9|204|166|
38|204|167|
10.4|204|168|
10.7|204|169|
38.5|204|170|
36.8|204|171|
69.7|204|172|
25.4|204|173|
36.3|204|174|
75.7|204|175|
38.7|204|176|
33.4|204|177|
27.7|204|178|
33.4|204|179|
32.9|204|180|
68.4|204|182|
25.9|204|183|
29.8|204|184|
9.5|204|185|
6.1|204|186|
21.7|204|187|
50.1|204|188|
38.2|204|189|
30.4|204|190|
32.9|204|191|
83.7|204|192|
59.2|204|193|
52.4|204|194|
45.4|205|0|
23.3|205|1|
33.9|205|2|
10.4|205|3|
61|205|4|
33.3|205|5|
19.2|205|6|
27.4|205|7|
11.2|205|8|
10.9|205|9|
37.5|205|10|
30.1|205|11|
33.1|205|12|
55.5|205|13|
34|205|14|
25.5|205|15|
10.2|205|16|
26|205|17|
78.2|205|18|
64.9|205|19|
54.1|205|20|
27.9|205|21|
42.7|205|22|
21.7|205|23|
13.3|205|24|
26.8|205|25|
88.8|205|26|
59.2|205|27|
60.2|205|28|
67|205|29|
9.1|205|30|
56.7|205|31|
77.5|205|32|
78.1|205|33|
19.1|205|34|
13.8|205|35|
33.5|205|36|
55.2|205|37|
73|205|38|
66.6|205|39|
28.3|205|40|
75.7|205|41|
26.9|205|42|
30.3|205|43|
15|205|44|
25.7|205|45|
10.2|205|46|
49.2|205|47|
33.8|205|48|
29.4|205|49|
34.7|205|50|
39.4|205|51|
23|205|52|
68.6|205|53|
65.7|205|54|
25.4|205|55|
42.5|205|56|
58.3|205|57|
42.3|205|58|
10.6|205|59|
10.7|205|60|
63.2|205|61|
77.6|205|62|
26.5|205|63|
10.5|205|64|
76.1|205|65|
11.2|205|66|
35.9|205|67|
41.3|205|68|
77.9|205|69|
72.9|205|70|
42.3|205|71|
61.5|205|72|
33.8|205|74|
26.1|205|75|
10.3|205|76|
64.5|205|77|
35.4|205|78|
37.5|205|79|
33.8|205|80|
10.7|205|81|
10.9|205|82|
11.1|205|83|
28.9|205|84|
10.7|205|85|
34.7|205|86|
34.2|205|87|
55|205|88|
39.6|205|89|
26.6|205|90|
36.3|205|91|
43.9|205|92|
25.7|205|93|
25.9|205|94|
48.2|205|95|
72.7|205|96|
32.5|205|97|
25.3|205|99|
10.4|205|100|
60|205|101|
70.3|205|102|
28.5|205|103|
41.4|205|104|
82.3|205|105|
11.2|205|106|
36.3|205|107|
72.4|205|108|
45.2|205|109|
28.8|205|110|
34.8|205|111|
30.1|205|112|
25.8|205|114|
26.8|205|115|
32.9|205|116|
70|205|117|
43.5|205|118|
51.3|205|119|
55.9|205|121|
10.5|205|122|
10.7|205|123|
25.3|205|124|
82|205|125|
75.3|205|126|
27.8|205|127|
24.5|205|128|
10.2|205|129|
42|205|130|
56.5|205|131|
26.7|205|133|
30.3|205|134|
48.9|205|135|
24.4|205|136|
46.7|205|137|
30.4|205|138|
25.7|205|139|
12|205|140|
27.8|205|141|
26.4|205|142|
25.5|205|143|
45.1|205|144|
36.5|205|145|
61.6|205|147|
42.9|205|148|
81.1|205|149|
26.9|205|150|
37.7|205|151|
78.4|205|152|
13.7|205|153|
26.1|205|154|
26.4|205|155|
47|205|156|
61.5|205|157|
37.9|205|158|
9.7|205|159|
67.6|205|160|
10.9|205|161|
30.9|205|162|
37.2|205|164|
34.8|205|165|
69.6|205|166|
37.8|205|167|
10.4|205|168|
10.6|205|169|
38|205|170|
36|205|171|
68.7|205|172|
25.2|205|173|
37.3|205|174|
75.2|205|175|
38.7|205|176|
33.2|205|177|
27.7|205|178|
32.8|205|179|
32.3|205|180|
67.3|205|182|
25.7|205|183|
29.5|205|184|
9.5|205|185|
6.1|205|186|
21.4|205|187|
48.6|205|188|
37.9|205|189|
30.5|205|190|
32.4|205|191|
83.5|205|192|
58.8|205|193|
53.2|205|194|
44.9|206|0|
23|206|1|
33.2|206|2|
10.3|206|3|
59.8|206|4|
33.2|206|5|
19|206|6|
27.5|206|7|
11.2|206|8|
10.8|206|9|
36.2|206|10|
30.1|206|11|
32.6|206|12|
54.1|206|13|
33.8|206|14|
25.2|206|15|
10.1|206|16|
25.4|206|17|
77.1|206|18|
63.1|206|19|
54.2|206|20|
27.5|206|21|
42.6|206|22|
21.6|206|23|
13.3|206|24|
26.6|206|25|
88.5|206|26|
57.9|206|27|
59.3|206|28|
66.2|206|29|
9|206|30|
55.8|206|31|
76.9|206|32|
77.5|206|33|
18.8|206|34|
13.9|206|35|
33|206|36|
54.3|206|37|
72|206|38|
66.2|206|39|
28.4|206|40|
75.4|206|41|
26.6|206|42|
30.2|206|43|
14.9|206|44|
25.5|206|45|
10.2|206|46|
48.3|206|47|
33.8|206|48|
29.1|206|49|
34.2|206|50|
39.1|206|51|
23.7|206|52|
68|206|53|
64.6|206|54|
25.1|206|55|
42.6|206|56|
57|206|57|
42.1|206|58|
10.5|206|59|
10.6|206|60|
63|206|61|
77.2|206|62|
25.8|206|63|
10.4|206|64|
75.2|206|65|
11.2|206|66|
35.6|206|67|
41.7|206|68|
77.3|206|69|
72.3|206|70|
42.1|206|71|
61.3|206|72|
33.8|206|74|
25.9|206|75|
10.2|206|76|
63.6|206|77|
34.7|206|78|
36.5|206|79|
32.6|206|80|
10.5|206|81|
10.9|206|82|
11|206|83|
28.7|206|84|
10.6|206|85|
34.5|206|86|
33.3|206|87|
53.5|206|88|
39.5|206|89|
26.3|206|90|
35.8|206|91|
43.3|206|92|
25.4|206|93|
25.7|206|94|
48.3|206|95|
72|206|96|
31.9|206|97|
25|206|99|
10.4|206|100|
58.6|206|101|
69.3|206|102|
28.4|206|103|
39.5|206|104|
82.1|206|105|
11.1|206|106|
36.2|206|107|
71.8|206|108|
44.4|206|109|
28.3|206|110|
35.2|206|111|
29.8|206|112|
25.6|206|114|
26.6|206|115|
32.6|206|116|
69|206|117|
43.3|206|118|
51|206|119|
54.1|206|121|
10.4|206|122|
10.6|206|123|
25.1|206|124|
81.5|206|125|
74.7|206|126|
27.6|206|127|
24.3|206|128|
10.1|206|129|
41.5|206|130|
56.3|206|131|
26.4|206|133|
30.4|206|134|
48.7|206|135|
24.1|206|136|
45.5|206|137|
29.1|206|138|
25.4|206|139|
11.8|206|140|
27.5|206|141|
26.2|206|142|
25.2|206|143|
44|206|144|
36.8|206|145|
61.5|206|147|
42.2|206|148|
80.4|206|149|
26.6|206|150|
37.2|206|151|
78.1|206|152|
13.7|206|153|
25.9|206|154|
26.1|206|155|
46.7|206|156|
60.8|206|157|
38|206|158|
9.7|206|159|
66.6|206|160|
10.8|206|161|
30.2|206|162|
37.1|206|164|
34.6|206|165|
68.3|206|166|
37.5|206|167|
10.3|206|168|
10.5|206|169|
37.4|206|170|
35.2|206|171|
67.7|206|172|
24.9|206|173|
38.7|206|174|
74.6|206|175|
38.6|206|176|
33|206|177|
27.5|206|178|
32|206|179|
31.7|206|180|
66.1|206|182|
25.5|206|183|
29.1|206|184|
9.5|206|185|
6.1|206|186|
21.3|206|187|
47.1|206|188|
37.4|206|189|
30.4|206|190|
32|206|191|
83.5|206|192|
58.5|206|193|
53.4|206|194|
44.5|207|0|
22.6|207|1|
32.4|207|2|
10.3|207|3|
58.3|207|4|
32.9|207|5|
19|207|6|
27.5|207|7|
11.2|207|8|
10.7|207|9|
35|207|10|
30|207|11|
31.9|207|12|
52.7|207|13|
33.4|207|14|
24.9|207|15|
10.1|207|16|
24.9|207|17|
75.9|207|18|
61.1|207|19|
53.8|207|20|
27.2|207|21|
42.6|207|22|
21.5|207|23|
13.3|207|24|
26.4|207|25|
88.3|207|26|
56.1|207|27|
58.4|207|28|
65.5|207|29|
8.8|207|30|
55.3|207|31|
76.2|207|32|
76.9|207|33|
18.6|207|34|
14|207|35|
32.2|207|36|
53.2|207|37|
71|207|38|
65.9|207|39|
28.5|207|40|
75.1|207|41|
26.3|207|42|
30.1|207|43|
14.8|207|44|
25.3|207|45|
10.1|207|46|
47.3|207|47|
33.5|207|48|
28.9|207|49|
33.6|207|50|
38.6|207|51|
24.3|207|52|
67.2|207|53|
63.6|207|54|
24.8|207|55|
42.6|207|56|
55.6|207|57|
41.6|207|58|
10.4|207|59|
10.5|207|60|
62.7|207|61|
76.8|207|62|
25|207|63|
10.3|207|64|
74.2|207|65|
11.1|207|66|
35.3|207|67|
41.8|207|68|
76.9|207|69|
71.7|207|70|
41.6|207|71|
61|207|72|
33.6|207|74|
25.6|207|75|
10.2|207|76|
62.7|207|77|
34.4|207|78|
35.4|207|79|
31.4|207|80|
10.5|207|81|
10.9|207|82|
10.9|207|83|
28.5|207|84|
10.6|207|85|
34.2|207|86|
32.4|207|87|
51.9|207|88|
39.5|207|89|
25.9|207|90|
35.1|207|91|
42.9|207|92|
25.2|207|93|
25.4|207|94|
48.3|207|95|
71.4|207|96|
31.2|207|97|
24.7|207|99|
10.3|207|100|
57.1|207|101|
68.1|207|102|
28.3|207|103|
38.3|207|104|
82.1|207|105|
11|207|106|
36.3|207|107|
71.2|207|108|
43.4|207|109|
28|207|110|
35.5|207|111|
29.3|207|112|
25.5|207|114|
26.3|207|115|
32.4|207|116|
68|207|117|
43.5|207|118|
50.8|207|119|
52.5|207|121|
10.3|207|122|
10.6|207|123|
24.9|207|124|
81|207|125|
74.1|207|126|
27.4|207|127|
24|207|128|
10|207|129|
40.9|207|130|
56.3|207|131|
26|207|133|
30.2|207|134|
48.6|207|135|
23.9|207|136|
44.2|207|137|
27.7|207|138|
25.1|207|139|
11.7|207|140|
27.2|207|141|
25.9|207|142|
24.9|207|143|
43|207|144|
37.2|207|145|
61.5|207|147|
41.5|207|148|
79.6|207|149|
26.3|207|150|
36.5|207|151|
77.8|207|152|
13.7|207|153|
25.5|207|154|
25.8|207|155|
46.4|207|156|
59.9|207|157|
38|207|158|
9.7|207|159|
65.4|207|160|
10.7|207|161|
29.2|207|162|
36.8|207|164|
34.3|207|165|
66.7|207|166|
37.2|207|167|
10.2|207|168|
10.4|207|169|
36.8|207|170|
34.4|207|171|
66.5|207|172|
24.8|207|173|
40.2|207|174|
74.1|207|175|
38.5|207|176|
32.8|207|177|
27.3|207|178|
31.2|207|179|
31|207|180|
64.6|207|182|
25.3|207|183|
28.8|207|184|
9.4|207|185|
6.1|207|186|
21|207|187|
45.6|207|188|
36.8|207|189|
30.4|207|190|
31.6|207|191|
83.4|207|192|
58|207|193|
53.5|207|194|
44.2|208|0|
22.3|208|1|
31.8|208|2|
10.2|208|3|
57|208|4|
32.7|208|5|
18.9|208|6|
27.6|208|7|
11.2|208|8|
10.6|208|9|
33.6|208|10|
29.8|208|11|
31.4|208|12|
51.2|208|13|
33.2|208|14|
24.6|208|15|
10.1|208|16|
24.2|208|17|
74.5|208|18|
59.1|208|19|
53.4|208|20|
26.8|208|21|
42.3|208|22|
21.6|208|23|
13.3|208|24|
26.1|208|25|
88|208|26|
54.7|208|27|
57.6|208|28|
64.8|208|29|
8.7|208|30|
54.6|208|31|
75.6|208|32|
76.5|208|33|
18.3|208|34|
14.3|208|35|
31.3|208|36|
52.3|208|37|
69.9|208|38|
65.6|208|39|
28.4|208|40|
74.8|208|41|
25.9|208|42|
29.8|208|43|
14.8|208|44|
24.9|208|45|
10.1|208|46|
46.3|208|47|
33.3|208|48|
28.5|208|49|
32.8|208|50|
37.8|208|51|
25|208|52|
66.7|208|53|
62.6|208|54|
24.5|208|55|
42.5|208|56|
54.3|208|57|
41.2|208|58|
10.4|208|59|
10.4|208|60|
62.6|208|61|
76.4|208|62|
24.4|208|63|
10.3|208|64|
73.3|208|65|
11.1|208|66|
35.1|208|67|
41.8|208|68|
76.5|208|69|
71.1|208|70|
41.2|208|71|
60.9|208|72|
33.3|208|74|
25.4|208|75|
10.1|208|76|
61.8|208|77|
34|208|78|
34.1|208|79|
30|208|80|
10.4|208|81|
10.9|208|82|
10.9|208|83|
28.1|208|84|
10.6|208|85|
33.6|208|86|
31.6|208|87|
50.4|208|88|
39.4|208|89|
25.5|208|90|
34.7|208|91|
42.6|208|92|
24.9|208|93|
24.9|208|94|
48.4|208|95|
70.8|208|96|
30.5|208|97|
24.4|208|99|
10.3|208|100|
55.7|208|101|
67|208|102|
28.3|208|103|
37.3|208|104|
82|208|105|
11|208|106|
36.2|208|107|
70.6|208|108|
42.5|208|109|
27.5|208|110|
35.8|208|111|
28.7|208|112|
25.5|208|114|
26|208|115|
32.2|208|116|
66.9|208|117|
43.8|208|118|
50.4|208|119|
51|208|121|
10.3|208|122|
10.6|208|123|
25|208|124|
80.4|208|125|
73.4|208|126|
27.4|208|127|
23.6|208|128|
10|208|129|
40.3|208|130|
56.4|208|131|
25.7|208|133|
30|208|134|
48.3|208|135|
23.6|208|136|
42.7|208|137|
26.2|208|138|
24.8|208|139|
11.5|208|140|
26.8|208|141|
25.6|208|142|
24.6|208|143|
41.8|208|144|
37.6|208|145|
61.7|208|147|
40.8|208|148|
78.7|208|149|
25.9|208|150|
36.1|208|151|
77.7|208|152|
13.8|208|153|
25.2|208|154|
25.5|208|155|
46|208|156|
59.1|208|157|
37.9|208|158|
9.8|208|159|
64.3|208|160|
10.6|208|161|
28.4|208|162|
36.5|208|164|
34|208|165|
65.3|208|166|
36.7|208|167|
10.2|208|168|
10.4|208|169|
36.1|208|170|
33.5|208|171|
65.1|208|172|
24.7|208|173|
42|208|174|
73.6|208|175|
38.3|208|176|
32.5|208|177|
27|208|178|
30.4|208|179|
30.2|208|180|
63|208|182|
25|208|183|
28.2|208|184|
9.4|208|185|
6.1|208|186|
20.9|208|187|
44.2|208|188|
36.1|208|189|
30.2|208|190|
31.4|208|191|
83.4|208|192|
57.4|208|193|
53.2|208|194|
44.3|209|0|
22|209|1|
31.2|209|2|
10.3|209|3|
55.8|209|4|
32.4|209|5|
18.9|209|6|
27.8|209|7|
11.3|209|8|
10.6|209|9|
32|209|10|
29.6|209|11|
30.9|209|12|
49.6|209|13|
32.8|209|14|
24.3|209|15|
10.1|209|16|
23.7|209|17|
72.9|209|18|
57|209|19|
52.8|209|20|
26.5|209|21|
42.1|209|22|
21.7|209|23|
13.4|209|24|
25.8|209|25|
87.8|209|26|
53.3|209|27|
57.1|209|28|
64.2|209|29|
8.6|209|30|
54.3|209|31|
75|209|32|
76|209|33|
18.2|209|34|
14.7|209|35|
30.5|209|36|
51.5|209|37|
68.8|209|38|
65.3|209|39|
28.3|209|40|
74.6|209|41|
25.6|209|42|
29.6|209|43|
14.8|209|44|
24.7|209|45|
10.1|209|46|
45.3|209|47|
33.1|209|48|
28.2|209|49|
31.9|209|50|
36.9|209|51|
25.6|209|52|
66.3|209|53|
61.6|209|54|
24.3|209|55|
42.3|209|56|
53.1|209|57|
40.7|209|58|
10.4|209|59|
10.4|209|60|
62.4|209|61|
76.2|209|62|
23.7|209|63|
10.2|209|64|
72.2|209|65|
11.1|209|66|
34.8|209|67|
41.5|209|68|
76.1|209|69|
70.7|209|70|
40.7|209|71|
60.5|209|72|
33.1|209|74|
25.1|209|75|
10.1|209|76|
61|209|77|
33.9|209|78|
33|209|79|
28.7|209|80|
10.3|209|81|
10.9|209|82|
10.9|209|83|
27.9|209|84|
10.6|209|85|
33|209|86|
30.7|209|87|
48.9|209|88|
39.3|209|89|
25.3|209|90|
34.4|209|91|
42.3|209|92|
24.6|209|93|
24.6|209|94|
48.4|209|95|
70.3|209|96|
30|209|97|
24.1|209|99|
10.3|209|100|
54.5|209|101|
65.9|209|102|
28.4|209|103|
36.9|209|104|
82.1|209|105|
10.9|209|106|
36.2|209|107|
70.2|209|108|
41.6|209|109|
27.2|209|110|
36.1|209|111|
28|209|112|
25.8|209|114|
25.7|209|115|
32|209|116|
66|209|117|
44.4|209|118|
50|209|119|
49.4|209|121|
10.3|209|122|
10.6|209|123|
25.1|209|124|
79.9|209|125|
72.7|209|126|
27.5|209|127|
23.3|209|128|
9.9|209|129|
39.8|209|130|
56.8|209|131|
25.3|209|133|
29.8|209|134|
48.2|209|135|
23.5|209|136|
41.1|209|137|
24.7|209|138|
24.6|209|139|
11.5|209|140|
26.5|209|141|
25.4|209|142|
24.3|209|143|
40.7|209|144|
38.1|209|145|
61.9|209|147|
40.2|209|148|
77.6|209|149|
25.5|209|150|
35.5|209|151|
77.5|209|152|
13.9|209|153|
24.9|209|154|
25.2|209|155|
45.5|209|156|
58.3|209|157|
37.8|209|158|
9.8|209|159|
63.3|209|160|
10.6|209|161|
27.5|209|162|
36.3|209|164|
33.6|209|165|
64|209|166|
36.3|209|167|
10.2|209|168|
10.4|209|169|
35.5|209|170|
32.6|209|171|
63.7|209|172|
24.7|209|173|
44.3|209|174|
73.1|209|175|
38.1|209|176|
32.2|209|177|
26.8|209|178|
29.5|209|179|
29.6|209|180|
61.2|209|182|
24.7|209|183|
27.8|209|184|
9.5|209|185|
6.2|209|186|
20.8|209|187|
42.7|209|188|
35.2|209|189|
30|209|190|
31.2|209|191|
83.4|209|192|
57|209|193|
52.4|209|194|
44.2|210|0|
22|210|1|
30.7|210|2|
10.4|210|3|
54.8|210|4|
32.2|210|5|
19.1|210|6|
28|210|7|
11.4|210|8|
10.6|210|9|
30.7|210|10|
29.4|210|11|
30.5|210|12|
48.1|210|13|
32.4|210|14|
24.1|210|15|
10.2|210|16|
23.2|210|17|
71.3|210|18|
54.8|210|19|
51.9|210|20|
26.3|210|21|
41.9|210|22|
22|210|23|
13.5|210|24|
25.7|210|25|
87.6|210|26|
52|210|27|
56.5|210|28|
63.8|210|29|
8.5|210|30|
54.3|210|31|
74.4|210|32|
75.5|210|33|
18.2|210|34|
15.2|210|35|
29.5|210|36|
50.7|210|37|
67.9|210|38|
65.2|210|39|
28.2|210|40|
74.5|210|41|
25.4|210|42|
29.4|210|43|
14.8|210|44|
24.5|210|45|
10.2|210|46|
44.6|210|47|
32.7|210|48|
28|210|49|
30.9|210|50|
36.2|210|51|
26.3|210|52|
65.9|210|53|
60.7|210|54|
24.1|210|55|
42.4|210|56|
52.1|210|57|
40.2|210|58|
10.4|210|59|
10.5|210|60|
62.4|210|61|
76.2|210|62|
23.2|210|63|
10.3|210|64|
71.2|210|65|
11.2|210|66|
34.4|210|67|
40.9|210|68|
75.9|210|69|
70.2|210|70|
40.2|210|71|
60.3|210|72|
32.6|210|74|
24.9|210|75|
10.2|210|76|
60.4|210|77|
33.9|210|78|
32|210|79|
27.5|210|80|
10.4|210|81|
11|210|82|
10.9|210|83|
27.7|210|84|
10.7|210|85|
32.5|210|86|
30|210|87|
47.6|210|88|
39.2|210|89|
24.9|210|90|
34.6|210|91|
42.3|210|92|
24.4|210|93|
24.3|210|94|
48.7|210|95|
70|210|96|
29.4|210|97|
23.9|210|99|
10.3|210|100|
53.3|210|101|
64.8|210|102|
28.6|210|103|
36.7|210|104|
82.2|210|105|
11|210|106|
36|210|107|
69.8|210|108|
41|210|109|
27|210|110|
36.3|210|111|
27.3|210|112|
26|210|114|
25.5|210|115|
32|210|116|
65.2|210|117|
45.3|210|118|
49.7|210|119|
48.1|210|121|
10.3|210|122|
10.6|210|123|
25.5|210|124|
79.4|210|125|
72|210|126|
27.7|210|127|
23|210|128|
10|210|129|
39.3|210|130|
57|210|131|
25.2|210|133|
29.4|210|134|
48.1|210|135|
23.5|210|136|
39.5|210|137|
23.4|210|138|
24.4|210|139|
11.5|210|140|
26.1|210|141|
25.2|210|142|
24.1|210|143|
39.8|210|144|
38.5|210|145|
62.3|210|147|
39.6|210|148|
76.5|210|149|
25.2|210|150|
35.1|210|151|
77.5|210|152|
14.1|210|153|
24.7|210|154|
25|210|155|
45.2|210|156|
57.7|210|157|
37.7|210|158|
9.9|210|159|
62.4|210|160|
10.7|210|161|
26.8|210|162|
36|210|164|
33.3|210|165|
62.9|210|166|
35.8|210|167|
10.2|210|168|
10.5|210|169|
35.1|210|170|
31.9|210|171|
62.4|210|172|
25|210|173|
46.7|210|174|
72.7|210|175|
37.9|210|176|
32|210|177|
26.9|210|178|
29|210|179|
29|210|180|
59.5|210|182|
24.5|210|183|
27.5|210|184|
9.5|210|185|
6.3|210|186|
20.8|210|187|
41.4|210|188|
34.1|210|189|
29.8|210|190|
31.2|210|191|
83.5|210|192|
56.5|210|193|
51.5|210|194|
44.3|211|0|
22|211|1|
30.3|211|2|
10.5|211|3|
54|211|4|
32.1|211|5|
19.3|211|6|
28.5|211|7|
11.5|211|8|
10.6|211|9|
29.3|211|10|
29.2|211|11|
30.2|211|12|
46.5|211|13|
32.1|211|14|
23.9|211|15|
10.3|211|16|
22.8|211|17|
69.7|211|18|
52.9|211|19|
51.1|211|20|
26.1|211|21|
41.7|211|22|
22.3|211|23|
13.7|211|24|
25.5|211|25|
87.4|211|26|
50.9|211|27|
56.2|211|28|
63.4|211|29|
8.4|211|30|
54.3|211|31|
73.9|211|32|
75.2|211|33|
18.2|211|34|
15.9|211|35|
28.8|211|36|
50|211|37|
66.9|211|38|
65|211|39|
28.2|211|40|
74.3|211|41|
25.2|211|42|
29.2|211|43|
15|211|44|
24.3|211|45|
10.4|211|46|
44|211|47|
32.6|211|48|
27.8|211|49|
30.2|211|50|
35.3|211|51|
26.9|211|52|
65.6|211|53|
59.9|211|54|
24.1|211|55|
42.2|211|56|
51.3|211|57|
39.5|211|58|
10.5|211|59|
10.6|211|60|
62.4|211|61|
76.1|211|62|
22.9|211|63|
10.3|211|64|
70.4|211|65|
11.4|211|66|
34.2|211|67|
40.3|211|68|
75.6|211|69|
69.9|211|70|
39.7|211|71|
60.1|211|72|
32.3|211|74|
24.9|211|75|
10.3|211|76|
59.7|211|77|
34.1|211|78|
31.1|211|79|
26.5|211|80|
10.5|211|81|
11.1|211|82|
11|211|83|
27.5|211|84|
10.8|211|85|
32|211|86|
29.5|211|87|
46.3|211|88|
39.1|211|89|
24.6|211|90|
35|211|91|
42.2|211|92|
24.3|211|93|
24.1|211|94|
48.9|211|95|
69.7|211|96|
29|211|97|
23.8|211|99|
10.4|211|100|
52.4|211|101|
63.8|211|102|
28.8|211|103|
36.9|211|104|
82.5|211|105|
11.1|211|106|
36|211|107|
69.5|211|108|
40.4|211|109|
26.9|211|110|
36.5|211|111|
26.7|211|112|
26.6|211|114|
25.4|211|115|
32|211|116|
64.4|211|117|
46.2|211|118|
49.3|211|119|
46.8|211|121|
10.4|211|122|
10.8|211|123|
25.8|211|124|
79|211|125|
71.4|211|126|
28.1|211|127|
22.9|211|128|
10.1|211|129|
39|211|130|
57.5|211|131|
25.1|211|133|
29.2|211|134|
47.9|211|135|
23.6|211|136|
37.9|211|137|
22|211|138|
24.3|211|139|
11.5|211|140|
25.9|211|141|
25.1|211|142|
23.9|211|143|
39|211|144|
39.1|211|145|
62.8|211|147|
39.1|211|148|
75.2|211|149|
25|211|150|
35|211|151|
77.4|211|152|
14.3|211|153|
24.5|211|154|
25|211|155|
44.7|211|156|
57.1|211|157|
37.5|211|158|
10|211|159|
61.5|211|160|
10.8|211|161|
26.1|211|162|
35.6|211|164|
33.2|211|165|
61.7|211|166|
35.4|211|167|
10.3|211|168|
10.6|211|169|
34.9|211|170|
31.4|211|171|
61|211|172|
25.2|211|173|
49.5|211|174|
72.3|211|175|
37.8|211|176|
31.9|211|177|
26.9|211|178|
28.5|211|179|
28.6|211|180|
57.8|211|182|
24.4|211|183|
27.2|211|184|
9.6|211|185|
6.4|211|186|
20.9|211|187|
40.2|211|188|
33|211|189|
29.7|211|190|
31.4|211|191|
83.6|211|192|
56|211|193|
50.2|211|194|
44.5|212|0|
22.3|212|1|
29.9|212|2|
10.7|212|3|
53.2|212|4|
32|212|5|
19.7|212|6|
28.9|212|7|
11.8|212|8|
10.8|212|9|
27.9|212|10|
29|212|11|
29.9|212|12|
44.9|212|13|
31.9|212|14|
23.9|212|15|
10.5|212|16|
22.4|212|17|
68|212|18|
50.8|212|19|
50.1|212|20|
26.2|212|21|
41.3|212|22|
22.7|212|23|
13.9|212|24|
25.5|212|25|
87.2|212|26|
50|212|27|
55.7|212|28|
63.1|212|29|
8.4|212|30|
54.3|212|31|
73.5|212|32|
74.8|212|33|
18.3|212|34|
16.7|212|35|
28|212|36|
49.4|212|37|
66|212|38|
64.8|212|39|
28.1|212|40|
74.1|212|41|
25.3|212|42|
29|212|43|
15.2|212|44|
24.3|212|45|
10.6|212|46|
43.4|212|47|
32.4|212|48|
27.6|212|49|
29.4|212|50|
34.4|212|51|
27.6|212|52|
65.2|212|53|
59.1|212|54|
24.1|212|55|
42|212|56|
50.8|212|57|
39|212|58|
10.7|212|59|
10.8|212|60|
62.4|212|61|
76.1|212|62|
22.7|212|63|
10.5|212|64|
69.6|212|65|
11.6|212|66|
33.9|212|67|
39.4|212|68|
75.3|212|69|
69.5|212|70|
39.1|212|71|
59.8|212|72|
31.9|212|74|
24.9|212|75|
10.5|212|76|
59.1|212|77|
34.4|212|78|
30.2|212|79|
25.6|212|80|
10.6|212|81|
11.4|212|82|
11.2|212|83|
27.3|212|84|
11|212|85|
31.5|212|86|
29.1|212|87|
45.1|212|88|
39|212|89|
24.5|212|90|
35.4|212|91|
42.3|212|92|
24.4|212|93|
24|212|94|
49.1|212|95|
69.5|212|96|
28.7|212|97|
23.8|212|99|
10.6|212|100|
51.5|212|101|
62.8|212|102|
29.1|212|103|
37.1|212|104|
82.7|212|105|
11.3|212|106|
35.9|212|107|
69.1|212|108|
39.9|212|109|
26.9|212|110|
36.7|212|111|
26.3|212|112|
27|212|114|
25.4|212|115|
32.2|212|116|
63.5|212|117|
47.4|212|118|
48.8|212|119|
45.7|212|121|
10.6|212|122|
11|212|123|
26.3|212|124|
78.7|212|125|
70.7|212|126|
28.5|212|127|
22.9|212|128|
10.2|212|129|
38.7|212|130|
57.7|212|131|
25|212|133|
28.9|212|134|
47.9|212|135|
23.8|212|136|
36.4|212|137|
20.6|212|138|
24.4|212|139|
11.7|212|140|
25.7|212|141|
25.2|212|142|
23.9|212|143|
38.3|212|144|
39.6|212|145|
63.3|212|147|
38.7|212|148|
73.8|212|149|
25|212|150|
34.8|212|151|
77.4|212|152|
14.6|212|153|
24.5|212|154|
25|212|155|
44.2|212|156|
56.7|212|157|
37.2|212|158|
10.3|212|159|
60.7|212|160|
11|212|161|
25.5|212|162|
35.3|212|164|
32.9|212|165|
60.6|212|166|
35|212|167|
10.5|212|168|
10.8|212|169|
34.6|212|170|
31|212|171|
59.7|212|172|
25.5|212|173|
52.2|212|174|
72|212|175|
37.6|212|176|
31.7|212|177|
27|212|178|
28.1|212|179|
28.2|212|180|
56.2|212|182|
24.4|212|183|
27|212|184|
9.8|212|185|
6.6|212|186|
21.1|212|187|
39.1|212|188|
31.9|212|189|
29.6|212|190|
31.6|212|191|
83.7|212|192|
55.6|212|193|
48.6|212|194|
44.8|213|0|
22.7|213|1|
29.7|213|2|
11.1|213|3|
52.4|213|4|
31.9|213|5|
20.1|213|6|
29.3|213|7|
12.1|213|8|
11|213|9|
26.5|213|10|
29|213|11|
29.8|213|12|
43.5|213|13|
31.7|213|14|
24.1|213|15|
10.8|213|16|
22.3|213|17|
66.5|213|18|
48.7|213|19|
49.2|213|20|
26.4|213|21|
40.9|213|22|
23.1|213|23|
14.3|213|24|
25.6|213|25|
87|213|26|
49.1|213|27|
55.3|213|28|
62.9|213|29|
8.5|213|30|
54.5|213|31|
73.1|213|32|
74.4|213|33|
18.6|213|34|
17.6|213|35|
27.5|213|36|
49|213|37|
65.2|213|38|
64.7|213|39|
28.1|213|40|
74|213|41|
25.5|213|42|
28.9|213|43|
15.5|213|44|
24.5|213|45|
10.9|213|46|
42.9|213|47|
32.3|213|48|
27.5|213|49|
28.7|213|50|
33.6|213|51|
28.3|213|52|
64.9|213|53|
58.4|213|54|
24.4|213|55|
41.9|213|56|
50.4|213|57|
38.5|213|58|
11|213|59|
11.1|213|60|
62.5|213|61|
76|213|62|
22.6|213|63|
10.8|213|64|
68.8|213|65|
12|213|66|
33.8|213|67|
38.6|213|68|
75.1|213|69|
69.1|213|70|
38.7|213|71|
59.4|213|72|
31.7|213|74|
25.1|213|75|
10.7|213|76|
58.5|213|77|
34.8|213|78|
29.4|213|79|
24.9|213|80|
10.9|213|81|
11.7|213|82|
11.5|213|83|
27.2|213|84|
11.4|213|85|
31.2|213|86|
28.8|213|87|
43.9|213|88|
38.9|213|89|
24.5|213|90|
36|213|91|
42.5|213|92|
24.6|213|93|
24.1|213|94|
49.3|213|95|
69.3|213|96|
28.4|213|97|
24|213|99|
10.9|213|100|
50.7|213|101|
61.9|213|102|
29.4|213|103|
37.4|213|104|
82.9|213|105|
11.6|213|106|
35.8|213|107|
68.8|213|108|
39.5|213|109|
27|213|110|
37|213|111|
26|213|112|
27.7|213|114|
25.5|213|115|
32.4|213|116|
62.6|213|117|
48.6|213|118|
48.3|213|119|
44.8|213|121|
10.9|213|122|
11.3|213|123|
26.9|213|124|
78.3|213|125|
70.1|213|126|
29|213|127|
23.2|213|128|
10.5|213|129|
38.5|213|130|
58|213|131|
25.2|213|133|
28.7|213|134|
48|213|135|
24.1|213|136|
35.1|213|137|
19.5|213|138|
24.6|213|139|
11.9|213|140|
25.7|213|141|
25.4|213|142|
24.1|213|143|
37.6|213|144|
40.3|213|145|
63.8|213|147|
38.3|213|148|
72.3|213|149|
25.1|213|150|
34.7|213|151|
77.4|213|152|
15|213|153|
24.7|213|154|
25.3|213|155|
43.8|213|156|
56.3|213|157|
37|213|158|
10.6|213|159|
59.9|213|160|
11.3|213|161|
25.3|213|162|
35.1|213|164|
32.8|213|165|
59.7|213|166|
34.7|213|167|
10.8|213|168|
11.1|213|169|
34.4|213|170|
30.8|213|171|
58.5|213|172|
26|213|173|
54.9|213|174|
71.8|213|175|
37.6|213|176|
31.6|213|177|
27.2|213|178|
27.8|213|179|
27.9|213|180|
54.7|213|182|
24.6|213|183|
26.9|213|184|
10.1|213|185|
6.8|213|186|
21.4|213|187|
38.2|213|188|
30.8|213|189|
29.6|213|190|
32|213|191|
83.7|213|192|
55.1|213|193|
46.9|213|194|
45.2|214|0|
23.3|214|1|
29.6|214|2|
11.5|214|3|
51.8|214|4|
31.9|214|5|
20.7|214|6|
30|214|7|
12.6|214|8|
11.4|214|9|
25.4|214|10|
29.1|214|11|
29.7|214|12|
42.3|214|13|
31.7|214|14|
24.4|214|15|
11.3|214|16|
22.2|214|17|
64.9|214|18|
46.8|214|19|
48.3|214|20|
26.7|214|21|
40.7|214|22|
23.7|214|23|
14.8|214|24|
25.9|214|25|
86.7|214|26|
48.4|214|27|
55|214|28|
62.8|214|29|
8.7|214|30|
54.7|214|31|
72.7|214|32|
74|214|33|
19|214|34|
18.7|214|35|
27|214|36|
48.6|214|37|
64.5|214|38|
64.5|214|39|
28.3|214|40|
73.8|214|41|
25.8|214|42|
29|214|43|
16|214|44|
24.8|214|45|
11.4|214|46|
42.5|214|47|
32.3|214|48|
27.6|214|49|
28.2|214|50|
32.8|214|51|
29.1|214|52|
64.5|214|53|
57.7|214|54|
24.7|214|55|
41.8|214|56|
50.1|214|57|
38.1|214|58|
11.4|214|59|
11.6|214|60|
62.5|214|61|
75.9|214|62|
22.8|214|63|
11.2|214|64|
68.2|214|65|
12.5|214|66|
33.7|214|67|
37.8|214|68|
74.8|214|69|
68.8|214|70|
38.3|214|71|
59|214|72|
31.5|214|74|
25.4|214|75|
11.2|214|76|
58|214|77|
35.3|214|78|
28.8|214|79|
24.4|214|80|
11.3|214|81|
12.2|214|82|
12|214|83|
27.3|214|84|
11.8|214|85|
31|214|86|
28.8|214|87|
42.8|214|88|
38.9|214|89|
24.7|214|90|
36.6|214|91|
42.9|214|92|
24.9|214|93|
24.2|214|94|
49.6|214|95|
69.1|214|96|
28.4|214|97|
24.4|214|99|
11.4|214|100|
50|214|101|
60.9|214|102|
29.8|214|103|
37.9|214|104|
83.1|214|105|
12|214|106|
35.8|214|107|
68.5|214|108|
39.3|214|109|
27.3|214|110|
37.4|214|111|
25.9|214|112|
28.4|214|114|
25.8|214|115|
32.8|214|116|
61.8|214|117|
50|214|118|
47.9|214|119|
44|214|121|
11.3|214|122|
11.8|214|123|
27.6|214|124|
78|214|125|
69.5|214|126|
29.7|214|127|
23.6|214|128|
10.9|214|129|
38.4|214|130|
58.2|214|131|
25.4|214|133|
28.6|214|134|
48|214|135|
24.5|214|136|
33.9|214|137|
18.6|214|138|
25.1|214|139|
12.3|214|140|
25.8|214|141|
25.7|214|142|
24.5|214|143|
37|214|144|
41.1|214|145|
64.4|214|147|
38|214|148|
70.8|214|149|
25.4|214|150|
34.7|214|151|
77.3|214|152|
15.5|214|153|
25|214|154|
25.7|214|155|
43.4|214|156|
56.1|214|157|
36.8|214|158|
11|214|159|
59.2|214|160|
11.8|214|161|
25.2|214|162|
35.1|214|164|
32.7|214|165|
58.7|214|166|
34.5|214|167|
11.1|214|168|
11.6|214|169|
34.4|214|170|
30.8|214|171|
57.3|214|172|
26.7|214|173|
57.3|214|174|
71.5|214|175|
37.6|214|176|
31.7|214|177|
27.5|214|178|
27.7|214|179|
27.9|214|180|
53.3|214|182|
24.9|214|183|
26.9|214|184|
10.6|214|185|
7.2|214|186|
21.8|214|187|
37.5|214|188|
29.8|214|189|
29.6|214|190|
32.5|214|191|
83.7|214|192|
54.7|214|193|
45.1|214|194|
45.8|215|0|
24|215|1|
29.7|215|2|
12.1|215|3|
51.3|215|4|
32.1|215|5|
21.4|215|6|
30.7|215|7|
13.2|215|8|
11.9|215|9|
24.5|215|10|
29.3|215|11|
29.8|215|12|
41.2|215|13|
31.7|215|14|
24.8|215|15|
11.9|215|16|
22.3|215|17|
63.4|215|18|
45|215|19|
47.5|215|20|
27.3|215|21|
40.4|215|22|
24.3|215|23|
15.4|215|24|
26.3|215|25|
86.5|215|26|
47.8|215|27|
54.7|215|28|
62.6|215|29|
9|215|30|
54.9|215|31|
72.2|215|32|
73.7|215|33|
19.5|215|34|
20|215|35|
26.8|215|36|
48.2|215|37|
63.8|215|38|
64.4|215|39|
28.5|215|40|
73.6|215|41|
26.4|215|42|
29.1|215|43|
16.7|215|44|
25.2|215|45|
12|215|46|
42.2|215|47|
32.4|215|48|
27.7|215|49|
27.9|215|50|
32.2|215|51|
29.8|215|52|
64.2|215|53|
57.1|215|54|
25.3|215|55|
41.8|215|56|
50|215|57|
37.7|215|58|
11.9|215|59|
12.2|215|60|
62.4|215|61|
75.8|215|62|
23.1|215|63|
11.7|215|64|
67.5|215|65|
13.1|215|66|
33.8|215|67|
37.1|215|68|
74.6|215|69|
68.4|215|70|
38.1|215|71|
58.6|215|72|
31.4|215|74|
25.9|215|75|
11.7|215|76|
57.6|215|77|
36|215|78|
28.4|215|79|
24.1|215|80|
11.8|215|81|
12.8|215|82|
12.6|215|83|
27.4|215|84|
12.4|215|85|
31|215|86|
28.9|215|87|
41.9|215|88|
39|215|89|
24.9|215|90|
37.4|215|91|
43.3|215|92|
25.5|215|93|
24.6|215|94|
50|215|95|
68.8|215|96|
28.5|215|97|
24.9|215|99|
11.9|215|100|
49.3|215|101|
60|215|102|
30.3|215|103|
38.4|215|104|
83.3|215|105|
12.6|215|106|
35.9|215|107|
68.2|215|108|
39.1|215|109|
27.7|215|110|
37.7|215|111|
26|215|112|
29.3|215|114|
26.3|215|115|
33.3|215|116|
60.9|215|117|
51.5|215|118|
47.4|215|119|
43.3|215|121|
11.8|215|122|
12.3|215|123|
28.4|215|124|
77.6|215|125|
68.9|215|126|
30.5|215|127|
24.3|215|128|
11.4|215|129|
38.3|215|130|
58.5|215|131|
25.8|215|133|
28.6|215|134|
48.1|215|135|
25|215|136|
32.8|215|137|
17.9|215|138|
25.6|215|139|
12.8|215|140|
26|215|141|
26.2|215|142|
25|215|143|
36.5|215|144|
42|215|145|
64.8|215|147|
37.8|215|148|
69.3|215|149|
25.8|215|150|
34.8|215|151|
77.3|215|152|
16.2|215|153|
25.4|215|154|
26.2|215|155|
43|215|156|
55.9|215|157|
36.7|215|158|
11.6|215|159|
58.6|215|160|
12.4|215|161|
25.3|215|162|
35.1|215|164|
32.8|215|165|
57.9|215|166|
34.3|215|167|
11.7|215|168|
12.2|215|169|
34.5|215|170|
30.9|215|171|
56.2|215|172|
27.4|215|173|
59.5|215|174|
71.2|215|175|
37.7|215|176|
31.8|215|177|
28.1|215|178|
27.8|215|179|
27.9|215|180|
52.1|215|182|
25.4|215|183|
27|215|184|
11.1|215|185|
7.8|215|186|
22.4|215|187|
36.9|215|188|
29|215|189|
29.8|215|190|
33.1|215|191|
83.6|215|192|
54.4|215|193|
43.3|215|194|
46.4|216|0|
24.9|216|1|
30|216|2|
12.8|216|3|
50.9|216|4|
32.3|216|5|
22.2|216|6|
31.5|216|7|
13.9|216|8|
12.6|216|9|
23.9|216|10|
29.5|216|11|
30.1|216|12|
40.3|216|13|
31.9|216|14|
25.4|216|15|
12.6|216|16|
22.5|216|17|
62.1|216|18|
43.5|216|19|
46.9|216|20|
28|216|21|
40.4|216|22|
25.1|216|23|
16.1|216|24|
26.9|216|25|
86.2|216|26|
47.3|216|27|
54.4|216|28|
62.5|216|29|
9.4|216|30|
55.1|216|31|
71.9|216|32|
73.3|216|33|
20|216|34|
21.4|216|35|
26.6|216|36|
48.1|216|37|
63.2|216|38|
64.3|216|39|
28.7|216|40|
73.4|216|41|
27.1|216|42|
29.3|216|43|
17.5|216|44|
25.8|216|45|
12.7|216|46|
42|216|47|
32.5|216|48|
28|216|49|
27.7|216|50|
31.7|216|51|
30.6|216|52|
64|216|53|
56.6|216|54|
26|216|55|
42|216|56|
50|216|57|
37.5|216|58|
12.6|216|59|
12.9|216|60|
62.5|216|61|
75.7|216|62|
23.6|216|63|
12.4|216|64|
66.9|216|65|
13.9|216|66|
34|216|67|
36.5|216|68|
74.4|216|69|
68.1|216|70|
37.9|216|71|
58.2|216|72|
31.4|216|74|
26.6|216|75|
12.4|216|76|
57.3|216|77|
36.8|216|78|
28.2|216|79|
24.1|216|80|
12.5|216|81|
13.4|216|82|
13.3|216|83|
27.7|216|84|
13.2|216|85|
31.1|216|86|
29.3|216|87|
41.1|216|88|
39.1|216|89|
25.3|216|90|
38.3|216|91|
43.8|216|92|
26.1|216|93|
25|216|94|
50.4|216|95|
68.6|216|96|
28.8|216|97|
25.5|216|99|
12.6|216|100|
48.8|216|101|
59.2|216|102|
30.8|216|103|
39|216|104|
83.4|216|105|
13.3|216|106|
36.1|216|107|
67.9|216|108|
39.1|216|109|
28.2|216|110|
38.2|216|111|
26.3|216|112|
30.3|216|114|
26.9|216|115|
34|216|116|
60.2|216|117|
52.9|216|118|
47.1|216|119|
42.7|216|121|
12.5|216|122|
13|216|123|
29.2|216|124|
77.3|216|125|
68.3|216|126|
31.3|216|127|
25.1|216|128|
12.1|216|129|
38.4|216|130|
58.8|216|131|
26.4|216|133|
28.7|216|134|
48.4|216|135|
25.7|216|136|
31.9|216|137|
17.5|216|138|
26.3|216|139|
13.5|216|140|
26.3|216|141|
26.8|216|142|
25.7|216|143|
36.2|216|144|
43|216|145|
65.3|216|147|
37.8|216|148|
67.9|216|149|
26.4|216|150|
35|216|151|
77.3|216|152|
16.9|216|153|
26.1|216|154|
26.9|216|155|
42.9|216|156|
55.8|216|157|
36.8|216|158|
12.3|216|159|
58|216|160|
13.1|216|161|
25.6|216|162|
35.3|216|164|
32.9|216|165|
57.2|216|166|
34.3|216|167|
12.3|216|168|
12.9|216|169|
34.9|216|170|
31.3|216|171|
55.2|216|172|
28.3|216|173|
61.4|216|174|
71|216|175|
37.9|216|176|
32.1|216|177|
28.8|216|178|
28|216|179|
28.1|216|180|
51.1|216|182|
26|216|183|
27.2|216|184|
11.8|216|185|
8.5|216|186|
23.1|216|187|
36.6|216|188|
28.3|216|189|
30|216|190|
33.9|216|191|
83.5|216|192|
54.2|216|193|
41.7|216|194|
