3.1|183|135|
15.9|185|89|
8.8|185|109|
0.2|186|13|
15.4|186|34|
4.2|186|36|
3.8|186|49|
7.8|186|131|
2.3|186|149|
3.5|187|19|
1.3|187|27|
1.6|187|39|
2.4|187|68|
2.7|187|74|
0.5|187|105|
5.6|187|116|
0.3|187|162|
1.3|187|173|
3.5|187|177|
9|187|190|
6.9|188|51|
3|188|52|
0.8|188|65|
6.1|188|110|
5.8|188|151|
2.9|188|175|
3.7|188|178|
3.6|188|182|
5.4|188|194|
7.5|189|12|
7.4|189|20|
7.4|189|23|
11|189|110|
1.9|189|156|
0.6|190|13|
5.3|190|35|
8.5|190|86|
6.8|190|108|
3.3|190|126|
6.3|190|136|
4|190|190|
0.3|191|13|
4.7|191|29|
6.7|191|45|
4.3|191|49|
14.9|191|51|
2.3|191|84|
8.4|191|130|
5.4|191|131|
9.3|191|137|
4|191|142|
5.8|191|172|
5.4|191|186|
4.3|191|190|
8.1|191|192|
8.7|192|2|
0.2|192|13|
7.2|192|35|
3.1|192|84|
1.6|192|101|
9.8|192|102|
10.8|192|116|
4.5|192|119|
2|192|125|
1.6|192|131|
1.7|192|138|
4|192|144|
4|192|149|
4.9|192|190|
4.7|192|193|
0.4|193|13|
2.8|193|26|
14.3|193|51|
3.7|193|52|
2.2|193|58|
2.5|193|65|
2.9|193|77|
4.6|193|84|
5.8|193|88|
5.5|193|124|
5.5|193|126|
4|193|149|
15|193|170|
4.9|193|179|
4.9|193|190|
2.9|193|191|
11.1|194|6|
0.2|194|13|
6.7|194|20|
3.7|194|32|
10.1|194|34|
2.5|194|41|
4.3|194|72|
6.2|194|84|
5.1|194|88|
1.2|194|104|
1|194|130|
1.2|194|148|
13.6|194|158|
5|194|190|
6.4|194|194|
13.2|195|2|
7.9|195|8|
0.2|195|13|
10.9|195|34|
13.6|195|35|
4.5|195|36|
14.6|195|51|
1.3|195|54|
6.2|195|68|
5.5|195|79|
5.9|195|84|
4.1|195|87|
13.4|195|97|
2.2|195|104|
6.5|195|109|
10.4|195|141|
10.3|195|158|
4.7|195|173|
5|195|182|
4.7|195|190|
1.7|196|4|
13.5|196|6|
6.1|196|10|
0.3|196|13|
2.4|196|18|
6.1|196|23|
6.5|196|28|
10.7|196|34|
5.3|196|37|
9.5|196|40|
6.7|196|49|
2.8|196|74|
6.5|196|78|
3.8|196|84|
8.9|196|90|
20.8|196|94|
2.3|196|105|
0.7|196|121|
4|196|133|
9.9|196|137|
4.6|196|172|
15.9|196|188|
4.7|196|190|
6.9|196|192|
6.2|196|193|
6.5|197|0|
9.5|197|1|
2.4|197|13|
2.7|197|33|
3.4|197|53|
1.9|197|71|
5.9|197|77|
5.5|197|84|
4.3|197|86|
8.1|197|91|
2.2|197|101|
9.8|197|104|
13.7|197|116|
5.9|197|117|
9.7|197|118|
6.4|197|134|
1.4|197|178|
5|197|190|
3.7|197|192|
10.8|198|7|
0.2|198|13|
10.7|198|20|
8.2|198|29|
11.2|198|34|
5.5|198|35|
4.6|198|41|
3.9|198|52|
2.7|198|65|
6.9|198|79|
4.3|198|84|
5.8|198|88|
17.3|198|102|
7.5|198|110|
0.4|198|121|
6.9|198|124|
1.1|198|125|
1.9|198|138|
2.3|198|175|
3.8|198|179|
4.9|198|190|
1.4|198|191|
0.6|199|13|
3.9|199|19|
1.9|199|26|
11.9|199|34|
2.6|199|50|
17.9|199|63|
6.9|199|68|
4.4|199|69|
2.9|199|77|
6.3|199|84|
4.9|199|87|
5.5|199|103|
7|199|114|
9.6|199|128|
1.6|199|130|
10.1|199|142|
6.2|199|145|
10.4|199|158|
3.3|199|172|
9|199|187|
5.2|199|190|
1.8|199|191|
14|199|193|
10.5|199|194|
30.1|200|1|
14.7|200|2|
15.7|200|7|
6.2|200|10|
0.9|200|13|
16.3|200|21|
10.1|200|22|
1.5|200|27|
4|200|28|
10.8|200|32|
2.7|200|33|
3.4|200|35|
5.3|200|36|
21.5|200|37|
6.9|200|49|
14|200|53|
14.9|200|56|
2|200|57|
5.5|200|61|
3|200|62|
7.3|200|68|
5|200|70|
5.5|200|71|
3.1|200|72|
1.5|200|78|
5.5|200|80|
7.3|200|84|
8.1|200|88|
2.7|200|92|
21|200|95|
4.6|200|96|
8.8|200|102|
3.8|200|108|
12.7|200|114|
2.4|200|118|
3.3|200|119|
1.7|200|125|
11.8|200|137|
8.9|200|142|
7.1|200|144|
9.3|200|147|
3.2|200|149|
4.8|200|152|
2.6|200|153|
1|200|162|
2.9|200|167|
5|200|177|
4.9|200|182|
26.5|200|183|
5.3|200|190|
2.6|200|191|
4.4|201|10|
0.9|201|13|
3.1|201|18|
12.9|201|34|
6.7|201|38|
4.4|201|45|
3|201|74|
1.5|201|78|
5.8|201|84|
11|201|90|
3.9|201|104|
3.1|201|105|
8.8|201|117|
0.7|201|121|
7.2|201|124|
4.8|201|131|
9.1|201|142|
19.7|201|170|
7|201|186|
5.4|201|190|
15.1|202|2|
1|202|13|
12|202|34|
9.2|202|35|
8.4|202|47|
8.6|202|49|
1.6|202|54|
5.2|202|68|
8.5|202|84|
4.5|202|86|
6.6|202|90|
10|202|102|
0.9|202|127|
8.3|202|142|
5.7|202|174|
10|202|187|
11|202|188|
5.4|202|190|
2.6|202|191|
5.9|202|193|
1|203|13|
9.2|203|20|
5.4|203|26|
12.1|203|34|
9.2|203|51|
5.8|203|52|
4.5|203|65|
5.8|203|88|
6.8|203|90|
13.4|203|116|
6.3|203|117|
6.9|203|118|
6.3|203|126|
11.1|203|134|
2.4|203|138|
6.2|203|159|
11.5|203|187|
5.3|203|190|
2.2|203|191|
4.9|203|192|
4.6|204|0|
0.9|204|13|
13.6|204|25|
8.7|204|29|
10.4|204|30|
4.2|204|33|
12.1|204|34|
4.2|204|36|
5.3|204|50|
8.3|204|53|
5.1|204|58|
3.5|204|64|
5.1|204|78|
7.5|204|84|
7.1|204|90|
16.7|204|94|
6.7|204|95|
6.2|204|101|
10.2|204|102|
6.1|204|114|
5.2|204|124|
9|204|133|
17.2|204|158|
4.9|204|172|
8.8|204|179|
9.4|204|187|
5.2|204|190|
2.7|204|191|
24.8|205|1|
9.9|205|6|
11.4|205|7|
1|205|13|
9.7|205|15|
1.6|205|28|
5.9|205|35|
8.5|205|39|
14.1|205|51|
5.1|205|57|
20.8|205|63|
5.2|205|69|
7.9|205|88|
7.5|205|90|
8.9|205|112|
14.2|205|114|
15.7|205|115|
16.2|205|128|
3.4|205|135|
7.1|205|136|
9.1|205|137|
6.7|205|144|
6.1|205|148|
2.5|205|149|
19.3|205|150|
5.9|205|152|
6.8|205|171|
8.1|205|186|
5.5|205|190|
2.6|205|191|
6.3|205|192|
8.8|205|194|
12.9|206|2|
13.9|206|10|
0.8|206|13|
13.6|206|17|
25.7|206|21|
7|206|26|
10.5|206|29|
8.6|206|32|
11.7|206|34|
9.1|206|41|
7.4|206|49|
5.2|206|50|
11.1|206|56|
2.7|206|62|
2.6|206|65|
16.9|206|70|
6.8|206|71|
3.9|206|72|
5.8|206|74|
1.9|206|77|
15|206|80|
6.1|206|84|
16.9|206|87|
8.7|206|90|
10.7|206|91|
1.3|206|92|
11.3|206|102|
4.6|206|105|
7.5|206|110|
0.6|206|121|
6.2|206|124|
3.5|206|125|
11.4|206|133|
15.4|206|147|
4.7|206|157|
10.9|206|160|
4.2|206|166|
4|206|167|
18.7|206|170|
8|206|173|
4.8|206|175|
8.8|206|178|
4.5|206|180|
4.9|206|182|
12.2|206|188|
6.1|206|190|
3.1|206|191|
7.7|207|8|
1.1|207|13|
10|207|22|
6.4|207|23|
6.5|207|25|
9.8|207|34|
7|207|38|
4.9|207|41|
8.3|207|49|
11.2|207|78|
8.7|207|84|
8.5|207|90|
4.2|207|96|
22.4|207|97|
2.3|207|108|
4.7|207|119|
2.8|207|120|
13.3|207|126|
10|207|137|
2.5|207|156|
1.6|207|162|
12|207|171|
1.5|207|174|
6.3|207|181|
7.9|207|187|
4.7|207|189|
6.1|207|190|
2.9|207|191|
8.4|207|193|
5.4|208|19|
8.7|208|20|
2|208|28|
9.5|208|34|
5.8|208|35|
8.1|208|40|
20.4|208|51|
5.7|208|52|
5.7|208|65|
7.8|208|84|
5|208|88|
9.3|208|90|
1|208|108|
3.6|208|117|
10.4|208|126|
9.7|208|134|
3.3|208|138|
11.1|208|147|
10.1|208|152|
13.3|208|158|
9.8|208|179|
6.3|208|190|
3|208|191|
23.2|209|1|
8.3|209|24|
5.7|209|35|
19.9|209|63|
4.9|209|68|
6.7|209|71|
6.6|209|86|
9|209|90|
4.4|209|91|
7.3|209|95|
4.9|209|102|
6.2|209|104|
2.6|209|118|
0|209|127|
1.7|209|130|
10.3|209|137|
3|209|157|
0.8|209|162|
4.2|209|171|
4.7|209|172|
5.8|209|174|
3.2|209|182|
7.8|209|186|
6.4|209|190|
3.5|209|194|
16.5|210|7|
7.6|210|19|
2.8|210|26|
2.9|210|27|
1.9|210|28|
1.8|210|32|
2.8|210|33|
6.6|210|35|
4.8|210|36|
4.9|210|38|
2.1|210|54|
10.7|210|56|
1.9|210|62|
2.8|210|70|
12.3|210|78|
4.1|210|84|
1.5|210|85|
13.3|210|87|
7.8|210|90|
2.7|210|96|
9|210|102|
1|210|105|
6.7|210|114|
5.3|210|133|
13.7|210|135|
8|210|137|
6.9|210|144|
15.6|210|150|
9.6|210|152|
7.3|210|159|
6|210|160|
1.5|210|166|
4|210|167|
17.9|210|170|
5.4|210|172|
1.6|210|175|
4.5|210|191|
5.8|210|194|
10.4|211|10|
1.9|211|13|
7.9|211|17|
0.7|211|26|
6.5|211|29|
3.5|211|39|
9.7|211|53|
1.8|211|57|
2.6|211|65|
3|211|69|
11.4|211|80|
8.3|211|90|
2|211|92|
3.2|211|108|
10.8|211|116|
7.8|211|117|
1.5|211|121|
3|211|126|
12.4|211|128|
6.4|211|131|
8.8|211|137|
3.7|211|138|
2.7|211|149|
5.1|211|172|
11.4|211|177|
3.8|211|182|
7.2|211|187|
1.5|211|192|
12.4|212|2|
12.2|212|14|
7.4|212|20|
17.4|212|21|
0.6|212|26|
2|212|32|
10.6|212|37|
3.2|212|41|
8.1|212|47|
7.5|212|50|
7.7|212|61|
1.1|212|62|
3.8|212|69|
3.6|212|72|
5.2|212|74|
7.8|212|84|
4.7|212|86|
9.5|212|90|
8.9|212|91|
1.1|212|101|
1.2|212|108|
9|212|110|
4.9|212|112|
8.3|212|124|
0.8|212|125|
11.3|212|136|
7.2|212|137|
6|212|144|
0.7|212|149|
10.2|212|151|
17.2|212|158|
0.6|212|162|
6.3|212|164|
6.7|212|171|
10.9|212|173|
1.7|212|175|
17.3|212|176|
14.3|212|178|
5.8|212|182|
6|212|186|
4.8|212|191|
5.3|213|0|
14.1|213|10|
2.6|213|13|
0.8|213|26|
10.1|213|34|
9.1|213|35|
4.4|213|38|
7.6|213|49|
3.2|213|62|
11.5|213|78|
7.8|213|90|
3.2|213|96|
10.5|213|114|
22.3|213|115|
4|213|119|
0.4|213|125|
5|213|126|
4.8|213|131|
8.4|213|137|
4.5|213|138|
1.4|213|149|
8.8|213|152|
5.1|213|172|
1.6|213|174|
11.1|213|179|
4.9|213|189|
4.6|213|191|
2.5|213|192|
6.2|213|193|
17.9|214|8|
1.6|214|13|
1.7|214|18|
6.9|214|25|
1.1|214|26|
2.2|214|28|
6.7|214|29|
9.3|214|34|
5.9|214|39|
8|214|50|
15.7|214|51|
6.4|214|52|
9|214|56|
2.6|214|57|
2.6|214|65|
2.3|214|70|
5.3|214|71|
8.3|214|84|
4.1|214|88|
8.7|214|90|
7|214|91|
7.5|214|95|
29.6|214|97|
5.1|214|102|
2.1|214|121|
0.5|214|125|
1.8|214|126|
4.4|214|130|
8.2|214|133|
8.8|214|137|
5.3|214|145|
2.4|214|147|
1.3|214|149|
13.9|214|150|
3|214|166|
2|214|175|
3.6|214|182|
8.2|214|186|
3.5|214|191|
3.6|214|194|
3.4|215|4|
7.3|215|17|
2.8|215|33|
4.9|215|68|
2.4|215|77|
9.3|215|87|
6|215|90|
2.5|215|92|
4.6|215|102|
7.1|215|103|
1.9|215|105|
1.3|215|108|
5.2|215|110|
7|215|117|
1.6|215|126|
8.2|215|137|
3.3|215|138|
5.6|215|144|
1|215|149|
4.5|215|156|
3.7|215|172|
5.9|215|180|
5.3|215|191|
5.6|215|194|
13.7|216|7|
10.1|216|20|
1.2|216|26|
1.4|216|27|
5.7|216|36|
1.5|216|41|
2.9|216|57|
3.2|216|64|
4|216|69|
6.8|216|90|
2.7|216|96|
1.5|216|102|
6|216|103|
5.3|216|110|
11.7|216|114|
1.5|216|118|
1.2|216|121|
1.1|216|125|
1.5|216|126|
12.4|216|136|
7.7|216|137|
0.9|216|149|
13.3|216|158|
2|216|162|
3.7|216|171|
8.2|216|173|
3.7|216|182|
9.4|216|186|
16.4|217|1|
22|217|8|
1.7|217|26|
1.4|217|65|
3.4|217|72|
1.6|217|77|
5.5|217|90|
3.5|217|92|
4.1|217|107|
10.9|217|116|
2.3|217|127|
4.2|217|130|
8|217|137|
0.9|217|149|
2|217|152|
3.3|217|171|
1.5|217|175|
4.6|217|188|
5.9|217|191|
4.1|218|0|
2.2|218|13|
1.9|218|18|
1|218|26|
11|218|29|
2.5|218|62|
5.6|218|69|
8|218|78|
6.1|218|80|
6.9|218|91|
6.6|218|95|
1.4|218|101|
2.5|218|102|
2|218|105|
1.5|218|108|
10.5|218|114|
1|218|125|
2.1|218|126|
2.5|218|131|
8.6|218|137|
4|218|138|
2.8|218|172|
17.2|218|178|
8.1|218|179|
5.2|218|193|
10|219|6|
2.1|219|57|
2.6|219|149|
4.5|219|152|
2.5|219|194|
