22.8|183|135|
13.7|185|31|
11.3|185|89|
21.1|185|109|
45|185|125|
66.8|186|13|
2.2|186|34|
8.9|186|36|
10.8|186|41|
8.7|186|49|
14.5|186|50|
44.4|186|131|
14.5|186|147|
17|186|149|
8|187|2|
34|187|19|
33.6|187|27|
18.7|187|35|
16.4|187|39|
27.9|187|68|
18.1|187|74|
35.9|187|78|
28.6|187|105|
10.4|187|116|
29.3|187|138|
32.8|187|162|
20.2|187|173|
6.2|187|177|
6.5|187|187|
3.9|187|190|
10.5|187|194|
9.8|188|20|
9.4|188|51|
11.1|188|52|
24.8|188|65|
12.4|188|110|
5|188|151|
21.7|188|175|
7.9|188|178|
19.7|188|182|
40.7|188|191|
8|188|194|
6.3|189|12|
7.8|189|20|
5.6|189|23|
8.8|189|36|
2.4|189|40|
20.2|189|47|
55.5|189|77|
31|189|78|
6.3|189|84|
9.6|189|110|
23.7|189|152|
16.3|189|156|
61.5|190|13|
9.7|190|20|
12.6|190|35|
2.5|190|40|
23.7|190|72|
5.1|190|86|
22.1|190|103|
43.1|190|108|
32.5|190|118|
33.1|190|126|
2.8|190|136|
29.9|190|138|
25.4|190|152|
6.7|190|190|
61.2|191|13|
10.2|191|20|
12.9|191|29|
2.2|191|40|
0.9|191|45|
8.4|191|49|
10.5|191|51|
10.4|191|80|
5.6|191|84|
23.1|191|103|
37|191|118|
18.6|191|130|
39|191|131|
8.8|191|137|
5|191|142|
24.8|191|172|
0.9|191|186|
5.4|191|190|
29.9|191|192|
9.2|192|2|
60.6|192|13|
5.4|192|17|
10.5|192|20|
14.2|192|35|
15.2|192|37|
2|192|40|
41.9|192|57|
15.8|192|74|
52.8|192|77|
29.8|192|78|
5.7|192|84|
13.8|192|95|
35.2|192|101|
24.4|192|102|
22.6|192|103|
11.8|192|114|
8.1|192|116|
21.4|192|119|
38.7|192|125|
35.3|192|131|
29.8|192|138|
24.2|192|144|
20.4|192|149|
4.5|192|190|
21.2|192|193|
56.1|193|13|
28.7|193|26|
2|193|40|
8.2|193|51|
8|193|52|
36.9|193|54|
6.9|193|58|
25.8|193|65|
16.1|193|71|
51.2|193|77|
6.1|193|84|
19.4|193|88|
39.8|193|92|
18.9|193|95|
40.9|193|101|
20.5|193|103|
9.6|193|124|
35.1|193|126|
26.3|193|138|
19|193|149|
33.8|193|162|
11.5|193|170|
16.3|193|173|
8.7|193|179|
4|193|190|
36.6|193|191|
1.7|194|6|
58|194|13|
11|194|20|
11.8|194|31|
24|194|32|
0.8|194|34|
1.9|194|40|
20.3|194|41|
21.2|194|69|
23.8|194|72|
16.1|194|74|
4.6|194|84|
17.9|194|88|
35.9|194|92|
19.7|194|103|
32.5|194|104|
31.2|194|118|
10.4|194|130|
13.5|194|148|
14.9|194|158|
3.9|194|190|
40.6|194|191|
11.8|194|194|
11.3|195|2|
0|195|8|
7.6|195|12|
55.2|195|13|
0.8|195|34|
10.7|195|35|
6.3|195|36|
30.7|195|38|
10.8|195|51|
39.6|195|54|
21.7|195|68|
13.8|195|79|
4.8|195|84|
4.4|195|87|
4.2|195|97|
30.4|195|101|
26.5|195|102|
17.7|195|103|
39|195|104|
13|195|109|
23.9|195|117|
38.7|195|118|
42.6|195|121|
34.2|195|131|
4.8|195|141|
8|195|158|
29.3|195|162|
11.3|195|170|
15.4|195|173|
9|195|179|
20.8|195|182|
4.1|195|190|
36.2|196|4|
4.7|196|6|
8.8|196|10|
54|196|13|
26.2|196|18|
15.1|196|22|
4.5|196|23|
42.6|196|28|
0.7|196|34|
21.1|196|37|
3.8|196|40|
16|196|47|
4.7|196|49|
23.2|196|62|
17.9|196|74|
30.3|196|78|
5.6|196|84|
1.5|196|90|
3.5|196|94|
37.7|196|105|
20.3|196|108|
10.3|196|110|
47.1|196|121|
3.6|196|133|
5.7|196|137|
22.6|196|144|
19.6|196|149|
26.8|196|172|
16.7|196|175|
13.3|196|188|
10.6|196|189|
4.4|196|190|
34.2|196|192|
19.6|196|193|
44.9|197|0|
7.1|197|1|
53.6|197|13|
34.3|197|33|
10.2|197|51|
13.8|197|53|
10.3|197|71|
38.4|197|77|
3.5|197|84|
3.8|197|86|
10.4|197|91|
38|197|101|
36.7|197|104|
7.7|197|116|
26.3|197|117|
28.1|197|118|
5|197|134|
3.3|197|178|
4.5|197|190|
43|197|192|
2.7|198|7|
50.7|198|13|
5.9|198|20|
17.3|198|29|
0.7|198|34|
6.9|198|35|
18.2|198|41|
9.4|198|51|
9.7|198|52|
20.1|198|65|
25.8|198|78|
9.5|198|79|
3.8|198|84|
17.5|198|88|
24.5|198|102|
5.6|198|110|
38.2|198|121|
10.3|198|124|
46.9|198|125|
55.5|198|127|
28.3|198|138|
23.8|198|175|
7|198|179|
4.6|198|190|
35.8|198|191|
49.5|199|13|
14.1|199|19|
30.9|199|26|
0.7|199|34|
10.4|199|50|
2.7|199|63|
20.3|199|68|
20|199|69|
46.3|199|77|
22.8|199|78|
2.1|199|84|
3.8|199|87|
16.7|199|103|
10.8|199|114|
1.9|199|128|
13|199|130|
3.4|199|142|
1.7|199|145|
9.8|199|158|
25.3|199|172|
4.7|199|187|
4.1|199|190|
31.1|199|191|
19.6|199|193|
11.5|199|194|
17|200|1|
5.4|200|2|
2.6|200|7|
14|200|10|
42.4|200|13|
4.2|200|21|
11.1|200|22|
39.1|200|27|
39.7|200|28|
21.3|200|32|
29.2|200|33|
7.4|200|35|
4.9|200|36|
25.1|200|37|
3.4|200|43|
3.3|200|49|
15.7|200|53|
9.1|200|56|
42|200|57|
9|200|61|
15.4|200|62|
18.8|200|68|
19.8|200|70|
11.9|200|71|
13.9|200|72|
24.8|200|78|
12.8|200|80|
3.9|200|84|
17.1|200|88|
35.6|200|92|
14.9|200|95|
22.8|200|96|
21.5|200|102|
29.7|200|108|
11.6|200|114|
30|200|118|
20.2|200|119|
43.1|200|125|
24.7|200|127|
5.2|200|137|
3.7|200|142|
20.3|200|144|
10.2|200|147|
17.8|200|149|
23.4|200|152|
3.3|200|153|
22.8|200|157|
22.8|200|162|
11.1|200|167|
6|200|170|
4.3|200|177|
3.5|200|178|
10.5|200|180|
19.2|200|182|
4.1|200|183|
3.9|200|190|
26.7|200|191|
5.9|201|10|
43.2|201|13|
19.5|201|18|
0.7|201|34|
30.3|201|38|
2.1|201|45|
12.8|201|74|
23.4|201|78|
4|201|84|
2.2|201|90|
25.7|201|104|
30|201|105|
24.5|201|117|
42.8|201|121|
7.7|201|124|
31.2|201|131|
3.8|201|142|
11.1|201|170|
1.1|201|186|
4|201|190|
11.1|202|2|
41|202|13|
3.7|202|23|
0.7|202|34|
6.8|202|35|
24.4|202|47|
4.2|202|49|
34.3|202|54|
18.2|202|68|
23|202|78|
2.7|202|84|
3.7|202|86|
2.1|202|90|
21.7|202|102|
17.8|202|127|
3.5|202|142|
40.6|202|174|
5.4|202|187|
7.4|202|188|
4.2|202|190|
23.4|202|191|
23.2|202|193|
38.9|203|13|
5.8|203|20|
35.2|203|26|
0.6|203|34|
8.7|203|51|
6.1|203|52|
19|203|65|
23.1|203|78|
10.1|203|80|
16.4|203|88|
2.3|203|90|
9.8|203|116|
21.2|203|117|
29.2|203|118|
26.7|203|126|
5.3|203|134|
20.7|203|138|
0.9|203|159|
41.5|203|174|
5.1|203|187|
4.6|203|190|
24.6|203|191|
45.3|203|192|
32.9|204|0|
42.8|204|13|
1.6|204|25|
15.1|204|29|
33.8|204|33|
0.6|204|34|
5|204|36|
6.7|204|50|
10.6|204|53|
5.3|204|58|
1.1|204|64|
19.7|204|78|
4.6|204|79|
8|204|80|
3.1|204|84|
2.8|204|90|
4.2|204|94|
16.6|204|95|
36.7|204|101|
18.6|204|102|
4.8|204|114|
4.3|204|124|
20.6|204|127|
3.3|204|133|
12.1|204|158|
16.7|204|172|
3.5|204|179|
6|204|187|
4.5|204|190|
23.8|204|191|
6.6|205|1|
2.3|205|6|
4.2|205|7|
37.3|205|13|
1.3|205|15|
35.2|205|27|
28.3|205|28|
4.5|205|35|
11.9|205|39|
5.4|205|51|
34.4|205|57|
2.4|205|63|
22.7|205|69|
24.4|205|78|
18|205|88|
2.7|205|90|
3.2|205|112|
5.3|205|114|
2.2|205|115|
1.8|205|128|
18.1|205|135|
3.4|205|136|
5.4|205|137|
17.9|205|144|
5.3|205|148|
14.5|205|149|
1.8|205|150|
27.2|205|152|
14.9|205|171|
1.1|205|186|
4.1|205|190|
22.7|205|191|
36.7|205|192|
14|205|194|
3.4|206|2|
8.4|206|10|
37.9|206|13|
5|206|17|
1.6|206|21|
35.9|206|26|
16.5|206|29|
26.1|206|32|
0.6|206|34|
16.5|206|41|
4.6|206|49|
6.8|206|50|
6|206|56|
15.8|206|62|
13.9|206|65|
17.4|206|70|
10.8|206|71|
18.9|206|72|
8.7|206|74|
43.5|206|77|
7.1|206|80|
4.8|206|84|
4.9|206|87|
2.7|206|90|
2.7|206|91|
31.6|206|92|
15.6|206|102|
12.9|206|103|
27.9|206|105|
3.4|206|110|
38.5|206|121|
5.7|206|124|
39.9|206|125|
2.6|206|133|
8|206|147|
32.8|206|157|
32.5|206|160|
27|206|166|
7.5|206|167|
10|206|170|
7|206|173|
23.3|206|175|
3.3|206|178|
9.2|206|180|
16.3|206|182|
4.4|206|188|
3.9|206|190|
22.1|206|191|
15.6|207|4|
0.2|207|8|
41.3|207|13|
11.8|207|22|
2.2|207|23|
2.5|207|25|
0.6|207|34|
25.6|207|38|
29.4|207|41|
3.4|207|49|
20.8|207|69|
19.6|207|78|
1.8|207|84|
2.9|207|90|
20.4|207|96|
5.6|207|97|
25.5|207|108|
17.4|207|119|
4.8|207|120|
23.3|207|126|
4.3|207|137|
11.5|207|156|
21.1|207|162|
15.1|207|171|
49.5|207|174|
1.6|207|181|
4.2|207|187|
11.5|207|189|
3.7|207|190|
22.6|207|191|
14.9|207|193|
10.4|208|19|
4.5|208|20|
28.3|208|28|
0.5|208|34|
3.8|208|35|
1.1|208|40|
6.8|208|51|
6.7|208|52|
7.3|208|56|
14.4|208|65|
2.4|208|84|
16.5|208|88|
2.3|208|90|
16.5|208|108|
18.2|208|117|
26.7|208|126|
3.9|208|134|
20.7|208|138|
14.8|208|147|
21.5|208|152|
8.8|208|158|
20.5|208|175|
1.9|208|179|
3.2|208|190|
20.2|208|191|
6.3|209|1|
9.6|209|24|
26|209|26|
3.4|209|35|
1.1|209|63|
14.1|209|68|
11|209|71|
1.9|209|86|
15.1|209|89|
1.7|209|90|
4.7|209|91|
13.4|209|95|
12.1|209|102|
17.7|209|104|
22.6|209|118|
18.8|209|127|
8.6|209|130|
4.3|209|137|
15.8|209|144|
22.5|209|157|
21.6|209|162|
8.3|209|171|
16.4|209|172|
44.9|209|174|
15.7|209|182|
0.8|209|186|
2.9|209|190|
11.7|209|194|
5.3|210|7|
12.7|210|19|
26.2|210|26|
29.1|210|27|
28.9|210|28|
23.5|210|32|
30.3|210|33|
3.4|210|35|
3.4|210|36|
24.2|210|38|
39.4|210|54|
5.9|210|56|
17.4|210|62|
18|210|70|
18.6|210|78|
3.4|210|84|
3.4|210|85|
3.7|210|87|
1.7|210|90|
16.6|210|96|
13.9|210|102|
18.9|210|105|
4.7|210|114|
3.7|210|133|
27.8|210|135|
4.3|210|137|
11.7|210|144|
1.6|210|150|
21.7|210|152|
0.7|210|159|
27.7|210|160|
29.8|210|166|
5.8|210|167|
10.4|210|170|
16.1|210|172|
16.6|210|175|
11.7|210|191|
10.2|210|194|
6.5|211|10|
36.7|211|13|
6.2|211|17|
25.1|211|26|
15.2|211|29|
11.8|211|39|
5.6|211|53|
29.2|211|57|
13.4|211|65|
16|211|69|
4.1|211|79|
7.2|211|80|
2.1|211|90|
26.6|211|92|
24.4|211|108|
2.9|211|116|
15.6|211|117|
29.1|211|121|
24.2|211|126|
1.3|211|128|
30.9|211|131|
4.2|211|137|
20.2|211|138|
18.4|211|149|
14.1|211|172|
4.9|211|177|
14.1|211|182|
4|211|187|
16.8|211|191|
35.5|211|192|
3|212|2|
3.5|212|14|
3.6|212|20|
1.6|212|21|
24.3|212|26|
24.5|212|32|
16.9|212|37|
15.7|212|41|
29.9|212|47|
6.4|212|50|
6.4|212|61|
17.9|212|62|
18.8|212|69|
11.6|212|72|
7.1|212|74|
2.7|212|84|
3|212|86|
2.2|212|90|
3.8|212|91|
32.6|212|101|
20.2|212|108|
2.8|212|110|
2.2|212|112|
4.6|212|124|
32.1|212|125|
15.2|212|127|
2.6|212|136|
3.4|212|137|
12|212|144|
14.4|212|149|
3.6|212|151|
8.5|212|158|
26.1|212|162|
2.8|212|164|
13.3|212|171|
9.2|212|173|
16.5|212|175|
1.9|212|176|
2.3|212|178|
11.9|212|182|
0.5|212|186|
16.2|212|191|
24.6|213|0|
4.9|213|10|
35.1|213|13|
20.9|213|26|
0.5|213|34|
2.4|213|35|
23.4|213|38|
4|213|49|
16.5|213|62|
19.9|213|78|
3.1|213|90|
15.3|213|96|
1.6|213|114|
1|213|115|
13.2|213|119|
33.1|213|125|
31|213|126|
31.8|213|131|
3.6|213|137|
19.9|213|138|
16.7|213|149|
18.2|213|152|
13.1|213|172|
37.5|213|174|
2.3|213|179|
11.7|213|189|
15.3|213|191|
39.9|213|192|
14.9|213|193|
32.8|214|13|
18|214|18|
1.9|214|25|
20|214|26|
24.1|214|28|
14.8|214|29|
0.5|214|34|
12.3|214|39|
5.1|214|50|
7|214|51|
5|214|52|
5.8|214|56|
25.2|214|57|
11.2|214|65|
17|214|70|
8.2|214|71|
29.4|214|77|
2.2|214|84|
11.2|214|88|
3|214|90|
2.8|214|91|
10.5|214|95|
11.7|214|97|
16.7|214|102|
30.1|214|121|
34.6|214|125|
20.6|214|126|
9.7|214|130|
1.4|214|133|
3.2|214|137|
3.2|214|145|
8.8|214|147|
12.8|214|149|
1.8|214|150|
33|214|166|
13.4|214|172|
16.1|214|175|
11.7|214|182|
14.5|214|191|
11.2|214|194|
19|215|4|
4.6|215|17|
29.4|215|33|
12.4|215|68|
36.3|215|77|
2|215|87|
25.5|215|92|
11.8|215|102|
12.4|215|103|
25|215|105|
24.9|215|108|
3.9|215|110|
15.6|215|117|
19.5|215|126|
3.4|215|137|
21.4|215|138|
8.9|215|144|
16.1|215|149|
16.2|215|156|
13.7|215|172|
3.2|215|180|
14.1|215|191|
8.5|215|194|
2.6|216|7|
3.4|216|20|
18.9|216|26|
29.3|216|27|
3.7|216|36|
12.8|216|41|
23.6|216|57|
0.5|216|64|
18.3|216|69|
13.6|216|96|
15|216|102|
13.7|216|103|
4.2|216|110|
0.8|216|114|
18.5|216|118|
27.2|216|121|
32|216|125|
31.5|216|126|
1.3|216|136|
3.2|216|137|
13.8|216|149|
5.9|216|158|
20.5|216|162|
6.4|216|171|
6.7|216|173|
10.4|216|182|
13.8|216|191|
1.5|217|1|
16.2|217|26|
12.6|217|65|
9.5|217|72|
33.4|217|77|
21.1|217|92|
11.2|217|102|
11.9|217|107|
2.6|217|116|
9.3|217|127|
11.2|217|130|
3.2|217|137|
14.4|217|149|
13.6|217|152|
7.6|217|171|
15.2|217|175|
2.9|217|188|
13.4|217|191|
19.1|218|0|
21.9|218|13|
16.8|218|18|
17.7|218|26|
11|218|29|
20.8|218|32|
10.3|218|62|
16.3|218|69|
17.7|218|78|
3.9|218|80|
1.8|218|91|
10.5|218|95|
26.4|218|101|
11.8|218|102|
18.6|218|105|
19.2|218|108|
1.8|218|114|
37.5|218|125|
21.8|218|126|
23.1|218|131|
2.6|218|137|
19.1|218|138|
14.6|218|172|
1.6|218|178|
1.5|218|179|
11.8|218|193|
1.7|219|6|
27.2|219|27|
21.1|219|57|
13.3|219|149|
13.6|219|152|
9.7|219|194|
