47.8|201|0|
5|201|1|
8|201|2|
67.5|201|4|
3.1|201|6|
26.2|201|7|
2.5|201|8|
2.5|201|9|
17.1|201|10|
16|201|13|
6.5|201|14|
2.5|201|15|
2.5|201|16|
5.9|201|17|
17.4|201|18|
27.9|201|20|
3.2|201|21|
23.2|201|22|
10.1|201|23|
2.6|201|24|
4|201|25|
24.5|201|26|
23.7|201|28|
23.1|201|29|
2.5|201|30|
14.6|201|31|
39|201|33|
3.5|201|34|
10.6|201|35|
8.8|201|36|
27.1|201|39|
4.8|201|40|
20.5|201|41|
6.9|201|42|
2.5|201|43|
5.2|201|44|
2.5|201|45|
2.5|201|46|
3.8|201|48|
20.6|201|49|
21.2|201|50|
5.3|201|51|
7.3|201|52|
3.6|201|55|
10.7|201|56|
47.1|201|57|
4|201|58|
2.5|201|59|
2.5|201|60|
10.8|201|61|
18|201|62|
7.8|201|63|
2.5|201|64|
15|201|65|
2.5|201|66|
22.4|201|68|
6.7|201|71|
53.2|201|72|
22|201|74|
2.5|201|75|
2.5|201|76|
18.6|201|77|
19.3|201|78|
4.8|201|79|
22.6|201|80|
2.5|201|81|
2.5|201|82|
2.5|201|83|
7.5|201|84|
2.5|201|85|
9.8|201|86|
6.6|201|87|
32.4|201|88|
4.4|201|89|
2.7|201|90|
15.3|201|91|
4.6|201|93|
7.9|201|94|
20.2|201|95|
36.7|201|96|
2.5|201|99|
2.5|201|100|
33.9|201|101|
23.8|201|102|
2.6|201|103|
16.4|201|105|
2.5|201|106|
8.4|201|108|
5.8|201|109|
3.3|201|110|
31.2|201|114|
2.5|201|115|
6.4|201|116|
36.6|201|117|
37.7|201|118|
13.1|201|119|
23.6|201|121|
2.5|201|122|
2.5|201|123|
27.6|201|124|
9.1|201|126|
35.7|201|127|
7.6|201|128|
2.5|201|129|
12.4|201|130|
21.2|201|131|
24.6|201|134|
10.6|201|136|
21.6|201|137|
18.8|201|138|
2.5|201|139|
2.5|201|140|
2.5|201|142|
4.1|201|143|
38.5|201|144|
3.5|201|145|
14.9|201|147|
5|201|148|
24.2|201|149|
2.5|201|150|
50.7|201|152|
6.2|201|154|
2.5|201|155|
13.1|201|156|
4|201|158|
2.5|201|159|
2.5|201|161|
17|201|162|
13.5|201|165|
21.7|201|166|
12|201|167|
2.5|201|168|
2.5|201|169|
33.1|201|172|
17.4|201|173|
41.6|201|174|
31.4|201|175|
10.1|201|177|
4.4|201|178|
2.5|201|179|
6.9|201|180|
3|201|183|
3.4|201|184|
2.5|201|185|
2.5|201|186|
3.7|201|187|
18|201|188|
7.5|201|189|
15.1|201|190|
19.8|201|191|
45.7|202|0|
6.1|202|1|
7.4|202|2|
63.2|202|4|
3.9|202|6|
24.5|202|7|
2.5|202|8|
2.5|202|9|
13.5|202|10|
15.2|202|13|
6.3|202|14|
2.8|202|15|
2.5|202|16|
5.6|202|17|
15.7|202|18|
27|202|20|
3.1|202|21|
23.1|202|22|
8.1|202|23|
2.5|202|24|
4.3|202|25|
24.2|202|26|
21.3|202|28|
20.9|202|29|
2.5|202|30|
14.5|202|31|
37.7|202|33|
3.3|202|34|
10.1|202|35|
9.1|202|36|
26.5|202|39|
5.1|202|40|
21.4|202|41|
4.7|202|42|
2.5|202|43|
5.8|202|44|
2.5|202|45|
2.5|202|46|
4.1|202|48|
22.7|202|49|
22.9|202|50|
5.5|202|51|
7.2|202|52|
3.5|202|55|
9.9|202|56|
44.3|202|57|
3.9|202|58|
2.5|202|59|
2.5|202|60|
12.3|202|61|
19.8|202|62|
6|202|63|
2.5|202|64|
13.6|202|65|
2.5|202|66|
20|202|68|
6.6|202|71|
54.7|202|72|
21.3|202|74|
2.5|202|75|
2.5|202|76|
20.2|202|77|
19.2|202|78|
5.1|202|79|
22.8|202|80|
2.5|202|81|
2.5|202|82|
2.5|202|83|
7|202|84|
2.5|202|85|
7.8|202|86|
6.7|202|87|
33.8|202|88|
4.5|202|89|
2.5|202|90|
13.3|202|91|
3.5|202|93|
8.7|202|94|
18.6|202|95|
38.2|202|96|
2.5|202|99|
2.5|202|100|
35.3|202|101|
24|202|102|
2.9|202|103|
15.4|202|105|
2.5|202|106|
8|202|108|
5.6|202|109|
3.7|202|110|
30.7|202|114|
2.5|202|115|
6|202|116|
35.3|202|117|
34.8|202|118|
13.5|202|119|
21.9|202|121|
2.5|202|122|
2.5|202|123|
25.3|202|124|
9.1|202|126|
34.9|202|127|
7.6|202|128|
2.5|202|129|
11.4|202|130|
21.9|202|131|
20.6|202|134|
9.4|202|136|
23|202|137|
18.5|202|138|
2.5|202|139|
2.5|202|140|
2.5|202|142|
3.3|202|143|
35.1|202|144|
3.3|202|145|
13|202|147|
5.1|202|148|
22.9|202|149|
2.5|202|150|
49.9|202|152|
6.2|202|154|
2.5|202|155|
12.5|202|156|
3.8|202|158|
2.6|202|159|
2.5|202|161|
16.5|202|162|
12|202|165|
21|202|166|
11.7|202|167|
2.5|202|168|
2.5|202|169|
34.2|202|172|
16.4|202|173|
36.6|202|174|
31.2|202|175|
10.5|202|177|
4.5|202|178|
2.5|202|179|
6.3|202|180|
2.5|202|183|
4.4|202|184|
2.5|202|185|
2.5|202|186|
3.6|202|187|
19.4|202|188|
7.3|202|189|
15.2|202|190|
18.1|202|191|
40.7|203|0|
7.5|203|1|
7|203|2|
58.7|203|4|
4.5|203|6|
21.1|203|7|
2.5|203|8|
2.5|203|9|
10.5|203|10|
15|203|13|
6.7|203|14|
3.3|203|15|
2.5|203|16|
5.6|203|17|
13.8|203|18|
27.9|203|20|
2.7|203|21|
22.9|203|22|
6.3|203|23|
2.5|203|24|
4.6|203|25|
23.4|203|26|
19.5|203|28|
19.5|203|29|
2.5|203|30|
13.2|203|31|
38.1|203|33|
3.2|203|34|
9.6|203|35|
9.8|203|36|
26.6|203|39|
5.3|203|40|
21.3|203|41|
3.7|203|42|
2.5|203|43|
6.2|203|44|
2.5|203|45|
2.5|203|46|
4.7|203|48|
23.7|203|49|
22.9|203|50|
6|203|51|
8|203|52|
3.4|203|55|
8.5|203|56|
42.7|203|57|
4|203|58|
2.5|203|59|
2.5|203|60|
13.5|203|61|
20.7|203|62|
4.9|203|63|
2.5|203|64|
12.8|203|65|
2.5|203|66|
19|203|68|
6.9|203|71|
55.1|203|72|
21.8|203|74|
2.5|203|75|
2.5|203|76|
21.7|203|77|
19|203|78|
5|203|79|
23.2|203|80|
2.5|203|81|
2.5|203|82|
2.5|203|83|
7.1|203|84|
2.5|203|85|
6.5|203|86|
7.2|203|87|
35.1|203|88|
4.9|203|89|
2.5|203|90|
11.1|203|91|
2.8|203|93|
9.7|203|94|
17|203|95|
37.7|203|96|
2.5|203|99|
2.5|203|100|
36.6|203|101|
24.7|203|102|
3|203|103|
15.2|203|105|
2.5|203|106|
8.4|203|108|
5.4|203|109|
4.3|203|110|
30.9|203|114|
2.5|203|115|
5.6|203|116|
34.2|203|117|
32.5|203|118|
14.2|203|119|
19.9|203|121|
2.5|203|122|
2.5|203|123|
25|203|124|
8.8|203|126|
32.4|203|127|
5.9|203|128|
2.5|203|129|
11.1|203|130|
21.1|203|131|
21.1|203|134|
8.9|203|136|
23.2|203|137|
17.3|203|138|
2.5|203|139|
2.5|203|140|
2.5|203|142|
2.8|203|143|
34.4|203|144|
3.1|203|145|
11.4|203|147|
5.2|203|148|
21.2|203|149|
2.5|203|150|
49.4|203|152|
6.1|203|154|
2.5|203|155|
11.5|203|156|
3.7|203|158|
2.7|203|159|
2.5|203|161|
16.3|203|162|
9.6|203|165|
21.3|203|166|
11|203|167|
2.5|203|168|
2.5|203|169|
33.7|203|172|
15.1|203|173|
33.2|203|174|
29.9|203|175|
11.1|203|177|
4.5|203|178|
2.5|203|179|
5.3|203|180|
2.5|203|183|
5.9|203|184|
2.5|203|185|
2.5|203|186|
3.7|203|187|
18.8|203|188|
6.9|203|189|
14.8|203|190|
16.4|203|191|
38.1|204|0|
8.7|204|1|
7|204|2|
55.1|204|4|
4.1|204|6|
16|204|7|
2.5|204|8|
2.5|204|9|
7.5|204|10|
14.5|204|13|
6.2|204|14|
3.3|204|15|
2.5|204|16|
5.6|204|17|
13.3|204|18|
27.8|204|20|
2.5|204|21|
22|204|22|
4.8|204|23|
2.5|204|24|
5|204|25|
23.6|204|26|
18.6|204|28|
17.8|204|29|
2.5|204|30|
11.4|204|31|
37.3|204|33|
3.3|204|34|
8.6|204|35|
10.7|204|36|
31.8|204|39|
5.1|204|40|
20.7|204|41|
3.1|204|42|
2.5|204|43|
7|204|44|
2.5|204|45|
2.5|204|46|
5|204|48|
23.2|204|49|
22.9|204|50|
6.4|204|51|
8.8|204|52|
2.9|204|55|
8.5|204|56|
39.2|204|57|
3.9|204|58|
2.5|204|59|
2.5|204|60|
14|204|61|
20.9|204|62|
4.1|204|63|
2.5|204|64|
12.3|204|65|
2.5|204|66|
19.3|204|68|
7|204|71|
55.7|204|72|
22.3|204|74|
2.5|204|75|
2.5|204|76|
22.2|204|77|
19.1|204|78|
5|204|79|
23.9|204|80|
2.5|204|81|
2.5|204|82|
2.5|204|83|
7.2|204|84|
2.5|204|85|
5.8|204|86|
7.5|204|87|
32.2|204|88|
4.9|204|89|
2.5|204|90|
9.1|204|91|
2.5|204|93|
10.8|204|94|
15.5|204|95|
36.6|204|96|
2.5|204|99|
2.5|204|100|
35.2|204|101|
24.2|204|102|
3.2|204|103|
14.6|204|105|
2.5|204|106|
8.7|204|108|
5.3|204|109|
4.6|204|110|
30.8|204|114|
2.5|204|115|
5.6|204|116|
34.2|204|117|
30.3|204|118|
14.6|204|119|
17.7|204|121|
2.5|204|122|
2.5|204|123|
24.1|204|124|
8.2|204|126|
32.6|204|127|
5.5|204|128|
2.5|204|129|
10.2|204|130|
19.2|204|131|
21.4|204|134|
9.2|204|136|
21.8|204|137|
16.3|204|138|
2.5|204|139|
2.5|204|140|
2.5|204|142|
2.5|204|143|
35.6|204|144|
2.9|204|145|
10|204|147|
5.1|204|148|
19.2|204|149|
2.5|204|150|
48.9|204|152|
5.9|204|154|
2.5|204|155|
11.2|204|156|
3.5|204|158|
2.7|204|159|
2.5|204|161|
15.7|204|162|
8.8|204|165|
21.6|204|166|
10.5|204|167|
2.5|204|168|
2.5|204|169|
33.8|204|172|
13.7|204|173|
32.6|204|174|
28.9|204|175|
11.5|204|177|
4.4|204|178|
2.5|204|179|
4.6|204|180|
2.5|204|183|
7.7|204|184|
2.5|204|185|
2.5|204|186|
3.9|204|187|
16.9|204|188|
6.6|204|189|
10.1|204|190|
15.7|204|191|
36.2|205|0|
8.9|205|1|
6.7|205|2|
52.2|205|4|
3.8|205|6|
12.3|205|7|
2.5|205|8|
2.5|205|9|
4.8|205|10|
14.3|205|13|
6.2|205|14|
2.5|205|15|
2.5|205|16|
5.8|205|17|
12.2|205|18|
26.9|205|20|
2.5|205|21|
22.5|205|22|
4.1|205|23|
2.5|205|24|
4.9|205|25|
23|205|26|
17.1|205|28|
16.1|205|29|
2.5|205|30|
11.1|205|31|
37.9|205|33|
3.1|205|34|
7.9|205|35|
11.3|205|36|
34.1|205|39|
4.5|205|40|
20.3|205|41|
2.5|205|42|
2.5|205|43|
7.7|205|44|
2.5|205|45|
2.5|205|46|
5.5|205|48|
19.3|205|49|
22.5|205|50|
6.5|205|51|
9.3|205|52|
2.5|205|55|
9.4|205|56|
37.2|205|57|
3.8|205|58|
2.5|205|59|
2.5|205|60|
14.5|205|61|
21.9|205|62|
4.2|205|63|
2.5|205|64|
11.4|205|65|
2.5|205|66|
19|205|68|
7.2|205|71|
55|205|72|
22.4|205|74|
2.5|205|75|
2.5|205|76|
21.7|205|77|
19.3|205|78|
5.2|205|79|
23.9|205|80|
2.5|205|81|
2.5|205|82|
2.5|205|83|
7.5|205|84|
2.5|205|85|
5.6|205|86|
7.4|205|87|
28.7|205|88|
5|205|89|
2.5|205|90|
9.1|205|91|
2.5|205|93|
11|205|94|
13.8|205|95|
35.9|205|96|
2.5|205|99|
2.5|205|100|
33.5|205|101|
22.5|205|102|
3.3|205|103|
13.5|205|105|
2.5|205|106|
9.6|205|108|
5.1|205|109|
4.5|205|110|
29.7|205|114|
2.5|205|115|
5.5|205|116|
33.4|205|117|
27.9|205|118|
15.7|205|119|
16.9|205|121|
2.5|205|122|
2.5|205|123|
23.3|205|124|
7.4|205|126|
33.9|205|127|
5|205|128|
2.5|205|129|
9.7|205|130|
17.7|205|131|
21.7|205|134|
9.6|205|136|
18.9|205|137|
15|205|138|
2.5|205|139|
2.5|205|140|
2.5|205|142|
2.5|205|143|
34.9|205|144|
2.9|205|145|
9.2|205|147|
4.8|205|148|
17.4|205|149|
2.5|205|150|
46.7|205|152|
5.5|205|154|
2.5|205|155|
10.6|205|156|
3.5|205|158|
2.5|205|159|
2.5|205|161|
14.8|205|162|
8|205|165|
21.3|205|166|
9.9|205|167|
2.5|205|168|
2.5|205|169|
31.7|205|172|
12|205|173|
32.3|205|174|
27.8|205|175|
11.2|205|177|
4.3|205|178|
2.5|205|179|
4.3|205|180|
2.5|205|183|
8.9|205|184|
2.5|205|185|
2.5|205|186|
3.9|205|187|
14.9|205|188|
6.4|205|189|
8.5|205|190|
15.6|205|191|
33.5|206|0|
8.8|206|1|
6.4|206|2|
49.4|206|4|
3.4|206|6|
9.4|206|7|
2.5|206|8|
2.5|206|9|
2.9|206|10|
13.9|206|13|
5.3|206|14|
2.5|206|15|
2.5|206|16|
5.9|206|17|
11.1|206|18|
24.3|206|20|
2.5|206|21|
24.3|206|22|
3.5|206|23|
2.5|206|24|
5.1|206|25|
22.7|206|26|
15.8|206|28|
14.3|206|29|
2.5|206|30|
11.5|206|31|
38.5|206|33|
3.2|206|34|
7.1|206|35|
11.5|206|36|
36.7|206|39|
4|206|40|
20.3|206|41|
2.5|206|42|
2.5|206|43|
7.6|206|44|
2.5|206|45|
2.5|206|46|
5|206|48|
16.5|206|49|
22.9|206|50|
6.1|206|51|
9.5|206|52|
2.5|206|55|
10.3|206|56|
35.8|206|57|
3.8|206|58|
2.5|206|59|
2.5|206|60|
14.9|206|61|
20.9|206|62|
4.1|206|63|
2.5|206|64|
10.7|206|65|
2.5|206|66|
17.9|206|68|
7.2|206|71|
54.2|206|72|
21.9|206|74|
2.5|206|75|
2.5|206|76|
19.8|206|77|
19.1|206|78|
5.5|206|79|
25.2|206|80|
2.5|206|81|
2.5|206|82|
2.5|206|83|
7.8|206|84|
2.5|206|85|
5.8|206|86|
6.4|206|87|
26.3|206|88|
5.1|206|89|
2.5|206|90|
9.8|206|91|
2.5|206|93|
10.6|206|94|
12.9|206|95|
35.3|206|96|
2.5|206|99|
2.5|206|100|
31.1|206|101|
20.6|206|102|
3.5|206|103|
12|206|105|
2.5|206|106|
8.9|206|108|
5|206|109|
4.1|206|110|
27.5|206|114|
2.5|206|115|
5.7|206|116|
32.5|206|117|
24.9|206|118|
17.1|206|119|
16|206|121|
2.5|206|122|
2.5|206|123|
22.3|206|124|
7|206|126|
36.2|206|127|
4.5|206|128|
2.5|206|129|
9.7|206|130|
16.5|206|131|
18.6|206|134|
9.8|206|136|
15.8|206|137|
14.1|206|138|
2.5|206|139|
2.5|206|140|
2.5|206|142|
2.5|206|143|
33.1|206|144|
3.1|206|145|
9.2|206|147|
4.6|206|148|
15.8|206|149|
2.5|206|150|
43.8|206|152|
5.7|206|154|
2.5|206|155|
10.4|206|156|
3.5|206|158|
2.5|206|159|
2.5|206|161|
14.2|206|162|
7.3|206|165|
20.6|206|166|
9|206|167|
2.5|206|168|
2.5|206|169|
30.3|206|172|
10.7|206|173|
32|206|174|
27.3|206|175|
10.6|206|177|
4.3|206|178|
2.5|206|179|
4|206|180|
2.5|206|183|
9.3|206|184|
2.5|206|185|
2.5|206|186|
3.7|206|187|
12.7|206|188|
5.8|206|189|
7.2|206|190|
15.4|206|191|
30|207|0|
8.3|207|1|
6|207|2|
46.2|207|4|
3.3|207|6|
7|207|7|
2.5|207|8|
2.5|207|9|
2.5|207|10|
14|207|13|
5.4|207|14|
2.5|207|15|
2.5|207|16|
6.8|207|17|
10.2|207|18|
23.8|207|20|
2.5|207|21|
26.2|207|22|
2.8|207|23|
2.5|207|24|
4.7|207|25|
21.6|207|26|
15|207|28|
12.8|207|29|
2.5|207|30|
12.4|207|31|
39.3|207|33|
3.1|207|34|
6.1|207|35|
11.1|207|36|
35.5|207|39|
3.9|207|40|
21.2|207|41|
2.5|207|42|
2.5|207|43|
7|207|44|
2.5|207|45|
2.5|207|46|
4.6|207|48|
16.3|207|49|
22.2|207|50|
5.8|207|51|
9.8|207|52|
2.5|207|55|
10.9|207|56|
35.3|207|57|
3.8|207|58|
2.5|207|59|
2.5|207|60|
16.1|207|61|
18.9|207|62|
4|207|63|
2.5|207|64|
9.5|207|65|
2.5|207|66|
18.4|207|68|
7.6|207|71|
52.7|207|72|
21.2|207|74|
2.5|207|75|
2.5|207|76|
17.6|207|77|
18.5|207|78|
5.8|207|79|
25.7|207|80|
2.5|207|81|
2.5|207|82|
2.5|207|83|
8.4|207|84|
2.5|207|85|
6.2|207|86|
5.1|207|87|
27.1|207|88|
5.5|207|89|
2.5|207|90|
10.5|207|91|
2.5|207|93|
10|207|94|
12.5|207|95|
34.5|207|96|
2.5|207|99|
2.5|207|100|
30.6|207|101|
18.7|207|102|
3.7|207|103|
10.6|207|105|
2.5|207|106|
8.2|207|108|
5.3|207|109|
4.1|207|110|
25.3|207|114|
2.5|207|115|
5.6|207|116|
30|207|117|
21.3|207|118|
20|207|119|
15|207|121|
2.5|207|122|
2.5|207|123|
21.7|207|124|
6.9|207|126|
38.3|207|127|
3.6|207|128|
2.5|207|129|
9.8|207|130|
15.9|207|131|
16.3|207|134|
9.5|207|136|
13.8|207|137|
13.2|207|138|
2.5|207|139|
2.5|207|140|
2.5|207|142|
2.5|207|143|
31.5|207|144|
3.1|207|145|
10|207|147|
4.9|207|148|
12.9|207|149|
2.5|207|150|
41.8|207|152|
5.4|207|154|
2.5|207|155|
9.9|207|156|
3.6|207|158|
2.5|207|159|
2.5|207|161|
12.9|207|162|
6.9|207|165|
20.2|207|166|
9|207|167|
2.5|207|168|
2.5|207|169|
30.6|207|172|
10.2|207|173|
31.8|207|174|
26.4|207|175|
10|207|177|
4.1|207|178|
2.5|207|179|
4|207|180|
2.5|207|183|
9|207|184|
2.5|207|185|
2.5|207|186|
3.1|207|187|
11.6|207|188|
5.4|207|189|
4.9|207|190|
14.2|207|191|
26.4|208|0|
7.3|208|1|
5.6|208|2|
43|208|4|
3.4|208|6|
5.7|208|7|
2.5|208|8|
2.5|208|9|
2.5|208|10|
13.7|208|13|
4.9|208|14|
2.5|208|15|
2.5|208|16|
7.2|208|17|
9.2|208|18|
24.7|208|20|
2.5|208|21|
26.8|208|22|
2.5|208|23|
2.5|208|24|
4.5|208|25|
21|208|26|
14.6|208|28|
11.4|208|29|
2.5|208|30|
13.2|208|31|
40.1|208|33|
3.5|208|34|
5.1|208|35|
11.4|208|36|
35.6|208|39|
4|208|40|
22.2|208|41|
2.5|208|42|
2.5|208|43|
6.5|208|44|
2.5|208|45|
2.5|208|46|
4.1|208|48|
16.2|208|49|
21.4|208|50|
5.7|208|51|
10|208|52|
2.5|208|55|
11.1|208|56|
33.9|208|57|
4|208|58|
2.5|208|59|
2.5|208|60|
16.9|208|61|
15.9|208|62|
3.6|208|63|
2.5|208|64|
8.3|208|65|
2.5|208|66|
18|208|68|
7.7|208|71|
51.4|208|72|
20.9|208|74|
2.5|208|75|
2.5|208|76|
16.7|208|77|
17.4|208|78|
5.5|208|79|
25|208|80|
2.5|208|81|
2.5|208|82|
2.5|208|83|
9.1|208|84|
2.5|208|85|
6.7|208|86|
4.3|208|87|
26.9|208|88|
5.6|208|89|
2.5|208|90|
9.9|208|91|
2.5|208|93|
9.5|208|94|
12.4|208|95|
33|208|96|
2.5|208|99|
2.5|208|100|
30.5|208|101|
18.1|208|102|
3.7|208|103|
9.5|208|105|
2.5|208|106|
7.4|208|108|
5|208|109|
4.5|208|110|
22.4|208|114|
2.5|208|115|
5.7|208|116|
28.8|208|117|
18.5|208|118|
23.9|208|119|
13.1|208|121|
2.5|208|122|
2.5|208|123|
21.2|208|124|
7.2|208|126|
39.8|208|127|
2.9|208|128|
2.5|208|129|
9.8|208|130|
16|208|131|
14.2|208|134|
9.8|208|136|
11.7|208|137|
12.7|208|138|
2.5|208|139|
2.5|208|140|
2.5|208|142|
2.5|208|143|
28.6|208|144|
3|208|145|
11.3|208|147|
5.5|208|148|
11.1|208|149|
2.5|208|150|
40.3|208|152|
5|208|154|
2.5|208|155|
10|208|156|
3.7|208|158|
2.5|208|159|
2.5|208|161|
12|208|162|
6.5|208|165|
20.2|208|166|
8.4|208|167|
2.5|208|168|
2.5|208|169|
30.8|208|172|
10.7|208|173|
32.5|208|174|
25.7|208|175|
9.6|208|177|
3.9|208|178|
2.5|208|179|
4|208|180|
2.5|208|183|
8.2|208|184|
2.5|208|185|
2.5|208|186|
2.6|208|187|
11.3|208|188|
5.1|208|189|
2.9|208|190|
12.9|208|191|
24.9|209|0|
6|209|1|
5.2|209|2|
40.3|209|4|
3.4|209|6|
4.7|209|7|
2.5|209|8|
2.5|209|9|
2.5|209|10|
13.9|209|13|
4.9|209|14|
2.5|209|15|
2.5|209|16|
7|209|17|
9.2|209|18|
24.9|209|20|
2.5|209|21|
27|209|22|
2.5|209|23|
2.5|209|24|
4.3|209|25|
19.9|209|26|
14.4|209|28|
10.2|209|29|
2.5|209|30|
15.1|209|31|
40.3|209|33|
3.7|209|34|
4.1|209|35|
11.9|209|36|
35.5|209|39|
4.1|209|40|
23|209|41|
2.5|209|42|
2.5|209|43|
6.4|209|44|
2.5|209|45|
2.5|209|46|
4.4|209|48|
14.8|209|49|
19.3|209|50|
5.5|209|51|
10.6|209|52|
2.5|209|55|
10.7|209|56|
31.8|209|57|
4|209|58|
2.5|209|59|
2.5|209|60|
17.5|209|61|
14.4|209|62|
3.7|209|63|
2.5|209|64|
6.8|209|65|
2.5|209|66|
18.3|209|68|
7.8|209|71|
49|209|72|
21.1|209|74|
2.5|209|75|
2.5|209|76|
16.4|209|77|
15.5|209|78|
5.1|209|79|
23.3|209|80|
2.5|209|81|
2.5|209|82|
2.5|209|83|
9.6|209|84|
2.7|209|85|
7|209|86|
4|209|87|
26|209|88|
5.4|209|89|
2.5|209|90|
9.1|209|91|
2.5|209|93|
9.7|209|94|
12|209|95|
32.4|209|96|
2.5|209|99|
2.5|209|100|
30.6|209|101|
17.6|209|102|
3.6|209|103|
9|209|105|
2.5|209|106|
7.3|209|108|
4.9|209|109|
4.8|209|110|
20.8|209|114|
2.5|209|115|
5.7|209|116|
25.9|209|117|
15.9|209|118|
27.5|209|119|
11.5|209|121|
2.5|209|122|
2.5|209|123|
20.9|209|124|
7.3|209|126|
40.5|209|127|
3.2|209|128|
2.5|209|129|
9.5|209|130|
16.4|209|131|
13|209|134|
9.4|209|136|
9.6|209|137|
12.8|209|138|
2.5|209|139|
2.5|209|140|
2.5|209|142|
2.5|209|143|
25.8|209|144|
2.8|209|145|
12.9|209|147|
5.7|209|148|
9.9|209|149|
2.5|209|150|
39.4|209|152|
4|209|154|
2.5|209|155|
9.5|209|156|
3.5|209|158|
2.5|209|159|
2.5|209|161|
11|209|162|
6.1|209|165|
20.7|209|166|
7.7|209|167|
2.5|209|168|
2.5|209|169|
32.6|209|172|
10.7|209|173|
32.6|209|174|
24.8|209|175|
9.7|209|177|
3.7|209|178|
2.5|209|179|
4.4|209|180|
2.5|209|183|
7.5|209|184|
2.5|209|185|
2.5|209|186|
2.5|209|187|
11|209|188|
5.2|209|189|
2.5|209|190|
11.9|209|191|
24.1|210|0|
5|210|1|
4.5|210|2|
37.9|210|4|
3.4|210|6|
4.4|210|7|
2.5|210|8|
2.5|210|9|
2.5|210|10|
13.8|210|13|
4.8|210|14|
2.5|210|15|
2.5|210|16|
6.9|210|17|
8.7|210|18|
23.3|210|20|
2.5|210|21|
26.3|210|22|
2.5|210|23|
2.5|210|24|
4.4|210|25|
19.3|210|26|
14.2|210|28|
9.2|210|29|
2.5|210|30|
15.9|210|31|
40.3|210|33|
3.7|210|34|
3|210|35|
12.2|210|36|
33.7|210|39|
3.9|210|40|
22.9|210|41|
2.5|210|42|
2.5|210|43|
6.3|210|44|
2.5|210|45|
2.5|210|46|
4.7|210|48|
12.4|210|49|
18.3|210|50|
5.4|210|51|
11|210|52|
2.5|210|55|
9.9|210|56|
30.7|210|57|
4|210|58|
2.5|210|59|
2.5|210|60|
17.3|210|61|
13.2|210|62|
4.3|210|63|
2.5|210|64|
6.7|210|65|
2.5|210|66|
17.1|210|68|
7.4|210|71|
48.2|210|72|
21.2|210|74|
2.5|210|75|
2.5|210|76|
16.3|210|77|
12.9|210|78|
4.9|210|79|
21.9|210|80|
2.5|210|81|
2.5|210|82|
2.5|210|83|
9.7|210|84|
2.7|210|85|
7.2|210|86|
3.6|210|87|
24.6|210|88|
5|210|89|
2.5|210|90|
8.4|210|91|
2.5|210|93|
10.3|210|94|
11.7|210|95|
32.2|210|96|
2.5|210|99|
2.5|210|100|
30|210|101|
17.3|210|102|
3.2|210|103|
8.7|210|105|
2.5|210|106|
7.4|210|108|
4.7|210|109|
4.8|210|110|
19.5|210|114|
2.5|210|115|
5.6|210|116|
24.2|210|117|
14.2|210|118|
28.3|210|119|
9.9|210|121|
2.5|210|122|
2.5|210|123|
20.2|210|124|
7.4|210|126|
40.7|210|127|
3.4|210|128|
2.5|210|129|
9.2|210|130|
16.9|210|131|
11.9|210|134|
8.5|210|136|
8.2|210|137|
13.1|210|138|
2.5|210|139|
2.5|210|140|
2.5|210|142|
2.5|210|143|
23.9|210|144|
3|210|145|
14.3|210|147|
6|210|148|
9.8|210|149|
2.5|210|150|
37.5|210|152|
3.6|210|154|
2.5|210|155|
9.6|210|156|
3.5|210|158|
2.5|210|159|
2.5|210|161|
10.4|210|162|
5.8|210|165|
21.8|210|166|
7.4|210|167|
2.5|210|168|
2.5|210|169|
31.6|210|172|
10.5|210|173|
32.6|210|174|
24|210|175|
9.2|210|177|
3.5|210|178|
2.5|210|179|
4.6|210|180|
2.5|210|183|
6.4|210|184|
2.5|210|185|
2.5|210|186|
2.5|210|187|
10.3|210|188|
5.3|210|189|
2.5|210|190|
11.1|210|191|
25|211|0|
4.1|211|1|
4|211|2|
37|211|4|
3.3|211|6|
4.1|211|7|
2.5|211|8|
2.5|211|9|
2.5|211|10|
13.9|211|13|
4.8|211|14|
2.5|211|15|
2.5|211|16|
7.3|211|17|
8.4|211|18|
21.2|211|20|
2.5|211|21|
24.4|211|22|
2.5|211|23|
2.5|211|24|
4.4|211|25|
18.8|211|26|
14.2|211|28|
8.2|211|29|
2.5|211|30|
16.5|211|31|
39|211|33|
3.5|211|34|
2.5|211|35|
11.3|211|36|
33|211|39|
3.9|211|40|
22.6|211|41|
2.5|211|42|
2.5|211|43|
6.2|211|44|
2.5|211|45|
2.5|211|46|
5|211|48|
10.4|211|49|
17.6|211|50|
5.1|211|51|
11.2|211|52|
2.5|211|55|
8.9|211|56|
30.1|211|57|
3.8|211|58|
2.5|211|59|
2.5|211|60|
17.3|211|61|
12.8|211|62|
4.6|211|63|
2.5|211|64|
6.8|211|65|
2.5|211|66|
17.7|211|68|
6.7|211|71|
48.1|211|72|
21.1|211|74|
2.5|211|75|
2.5|211|76|
16.3|211|77|
10.5|211|78|
4.8|211|79|
21.5|211|80|
2.5|211|81|
2.5|211|82|
2.5|211|83|
9.9|211|84|
2.5|211|85|
7.7|211|86|
3.2|211|87|
24.1|211|88|
4.5|211|89|
2.5|211|90|
8.3|211|91|
2.5|211|93|
12.2|211|94|
11.6|211|95|
33|211|96|
2.5|211|99|
2.5|211|100|
30.1|211|101|
17.1|211|102|
3|211|103|
8.5|211|105|
2.5|211|106|
7.2|211|108|
5.3|211|109|
4.6|211|110|
18.9|211|114|
2.5|211|115|
5.3|211|116|
22|211|117|
12.7|211|118|
26.5|211|119|
8.4|211|121|
2.5|211|122|
2.5|211|123|
19.2|211|124|
7.5|211|126|
40.5|211|127|
3.7|211|128|
2.5|211|129|
8.5|211|130|
17.4|211|131|
10.3|211|134|
7.9|211|136|
6.9|211|137|
13.3|211|138|
2.5|211|139|
2.5|211|140|
2.5|211|142|
2.5|211|143|
22.7|211|144|
2.7|211|145|
15.2|211|147|
5.4|211|148|
9.6|211|149|
2.6|211|150|
36.1|211|152|
3.5|211|154|
2.5|211|155|
10.2|211|156|
3.5|211|158|
2.5|211|159|
2.5|211|161|
9.7|211|162|
5.5|211|165|
21.3|211|166|
7.7|211|167|
2.5|211|168|
2.5|211|169|
30.7|211|172|
9.9|211|173|
31.2|211|174|
23.2|211|175|
8.4|211|177|
3.3|211|178|
2.5|211|179|
4.9|211|180|
2.5|211|183|
5.5|211|184|
2.5|211|185|
2.5|211|186|
2.5|211|187|
9.4|211|188|
5.7|211|189|
2.5|211|190|
10.5|211|191|
27.2|212|0|
3.5|212|1|
3.5|212|2|
35.4|212|4|
3.2|212|6|
3.6|212|7|
2.5|212|8|
2.5|212|9|
2.5|212|10|
13.8|212|13|
4.5|212|14|
2.5|212|15|
2.5|212|16|
7.9|212|17|
8.1|212|18|
19.7|212|20|
2.5|212|21|
23.3|212|22|
2.5|212|23|
2.5|212|24|
4.1|212|25|
18.5|212|26|
13.6|212|28|
7.1|212|29|
2.5|212|30|
16.1|212|31|
38.6|212|33|
3.3|212|34|
2.5|212|35|
9.6|212|36|
31.2|212|39|
3.8|212|40|
22.1|212|41|
2.5|212|42|
2.5|212|43|
6.3|212|44|
2.5|212|45|
2.5|212|46|
5.1|212|48|
9.8|212|49|
17.6|212|50|
5.2|212|51|
10.6|212|52|
2.5|212|55|
8.1|212|56|
29.9|212|57|
3.5|212|58|
2.5|212|59|
2.5|212|60|
17.5|212|61|
13.2|212|62|
4.3|212|63|
2.5|212|64|
7.3|212|65|
2.5|212|66|
18|212|68|
6|212|71|
49.4|212|72|
20.8|212|74|
2.5|212|75|
2.5|212|76|
16.3|212|77|
9.3|212|78|
4.8|212|79|
21.8|212|80|
2.5|212|81|
2.5|212|82|
2.5|212|83|
10.2|212|84|
2.5|212|85|
8.6|212|86|
2.8|212|87|
23.2|212|88|
4.3|212|89|
2.5|212|90|
8.2|212|91|
2.5|212|93|
15|212|94|
11.9|212|95|
33.3|212|96|
2.5|212|99|
2.5|212|100|
30.7|212|101|
17|212|102|
2.9|212|103|
8|212|105|
2.5|212|106|
7.1|212|108|
5.7|212|109|
4.3|212|110|
18|212|114|
2.5|212|115|
4.9|212|116|
21.1|212|117|
12.1|212|118|
24|212|119|
7.1|212|121|
2.5|212|122|
2.5|212|123|
17.9|212|124|
7.6|212|126|
40.5|212|127|
3.7|212|128|
2.5|212|129|
7.3|212|130|
17.7|212|131|
9.2|212|134|
7.9|212|136|
5.9|212|137|
13.4|212|138|
2.5|212|139|
2.5|212|140|
2.5|212|142|
2.5|212|143|
22.2|212|144|
2.6|212|145|
14.2|212|147|
5.5|212|148|
9.2|212|149|
2.7|212|150|
34.6|212|152|
3.5|212|154|
2.5|212|155|
11.7|212|156|
3.8|212|158|
2.5|212|159|
2.5|212|161|
8.9|212|162|
5.3|212|165|
19.9|212|166|
8.3|212|167|
2.5|212|168|
2.5|212|169|
29.1|212|172|
9.4|212|173|
31.1|212|174|
22.3|212|175|
7.2|212|177|
3.2|212|178|
2.5|212|179|
5.1|212|180|
2.5|212|183|
4.5|212|184|
2.5|212|185|
2.5|212|186|
2.5|212|187|
8.7|212|188|
6|212|189|
3.3|212|190|
10.1|212|191|
26.5|213|0|
3.9|213|1|
3.3|213|2|
29.2|213|4|
2.8|213|6|
3.3|213|7|
2.5|213|8|
2.5|213|9|
2.5|213|10|
14.2|213|13|
4.5|213|14|
2.5|213|15|
2.5|213|16|
8|213|17|
7.8|213|18|
19|213|20|
2.5|213|21|
20.7|213|22|
2.5|213|23|
2.5|213|24|
3.5|213|25|
17.9|213|26|
14|213|28|
6.8|213|29|
2.5|213|30|
16.6|213|31|
36.9|213|33|
3.2|213|34|
2.5|213|35|
8.4|213|36|
29.4|213|39|
4.1|213|40|
21.9|213|41|
2.5|213|42|
2.5|213|43|
6.6|213|44|
2.5|213|45|
2.5|213|46|
5.2|213|48|
9|213|49|
14.9|213|50|
5|213|51|
10.6|213|52|
2.5|213|55|
10.9|213|56|
27.5|213|57|
3.6|213|58|
2.5|213|59|
2.5|213|60|
16.2|213|61|
12.6|213|62|
4.6|213|63|
2.5|213|64|
7.2|213|65|
2.5|213|66|
18.5|213|68|
6.3|213|71|
48.9|213|72|
19.3|213|74|
2.5|213|75|
2.5|213|76|
15.9|213|77|
8.9|213|78|
4.8|213|79|
22.1|213|80|
2.5|213|81|
2.5|213|82|
2.5|213|83|
10.2|213|84|
2.5|213|85|
8.9|213|86|
2.8|213|87|
22.2|213|88|
3.7|213|89|
2.5|213|90|
7.2|213|91|
2.5|213|93|
12.4|213|94|
15.5|213|95|
35.6|213|96|
2.5|213|99|
2.5|213|100|
33.2|213|101|
17.3|213|102|
3.5|213|103|
6.9|213|105|
2.5|213|106|
7.1|213|108|
5.8|213|109|
4.1|213|110|
17|213|114|
2.5|213|115|
4.4|213|116|
22.9|213|117|
12.8|213|118|
21.6|213|119|
6.6|213|121|
2.5|213|122|
2.5|213|123|
18.3|213|124|
8.6|213|126|
41.4|213|127|
3.7|213|128|
2.5|213|129|
6.8|213|130|
16.2|213|131|
8.7|213|134|
7.8|213|136|
5.6|213|137|
14.6|213|138|
2.5|213|139|
2.5|213|140|
2.5|213|142|
2.5|213|143|
25.5|213|144|
2.5|213|145|
14.1|213|147|
4.9|213|148|
10.1|213|149|
3.2|213|150|
32.1|213|152|
3.7|213|154|
2.5|213|155|
12.6|213|156|
4.2|213|158|
2.5|213|159|
2.5|213|161|
8.8|213|162|
5.7|213|165|
15.8|213|166|
7.8|213|167|
2.5|213|168|
2.5|213|169|
27.9|213|172|
9.1|213|173|
31|213|174|
21.4|213|175|
6.3|213|177|
2.9|213|178|
2.5|213|179|
4.7|213|180|
2.5|213|183|
3.6|213|184|
2.5|213|185|
2.5|213|186|
2.5|213|187|
6.6|213|188|
6.5|213|189|
4.7|213|190|
9.8|213|191|
26.4|214|0|
4.5|214|1|
3.3|214|2|
23.1|214|4|
2.5|214|6|
2.9|214|7|
2.5|214|8|
2.5|214|9|
2.5|214|10|
14.5|214|13|
4.4|214|14|
2.5|214|15|
2.5|214|16|
7.8|214|17|
7.7|214|18|
17.3|214|20|
2.5|214|21|
19.4|214|22|
2.5|214|23|
2.5|214|24|
3.5|214|25|
17.6|214|26|
14.7|214|28|
6.7|214|29|
2.5|214|30|
17.1|214|31|
36.2|214|33|
3.1|214|34|
2.5|214|35|
7.3|214|36|
25.8|214|39|
4.2|214|40|
20.4|214|41|
2.5|214|42|
2.5|214|43|
6.9|214|44|
2.5|214|45|
2.5|214|46|
5.3|214|48|
8.5|214|49|
11.7|214|50|
4.8|214|51|
10.7|214|52|
2.5|214|55|
13.8|214|56|
24.8|214|57|
3.9|214|58|
2.5|214|59|
2.5|214|60|
14.9|214|61|
12.2|214|62|
5.2|214|63|
2.5|214|64|
7.5|214|65|
2.5|214|66|
17.7|214|68|
6.5|214|71|
48.3|214|72|
17.3|214|74|
2.5|214|75|
2.5|214|76|
15.3|214|77|
9.3|214|78|
4.8|214|79|
22.7|214|80|
2.5|214|81|
2.5|214|82|
2.5|214|83|
9.8|214|84|
2.5|214|85|
9|214|86|
2.5|214|87|
21.5|214|88|
3.2|214|89|
2.5|214|90|
6.5|214|91|
2.5|214|93|
9.3|214|94|
22.7|214|95|
37.1|214|96|
2.5|214|99|
2.5|214|100|
36.7|214|101|
16.9|214|102|
3.7|214|103|
6.1|214|105|
2.5|214|106|
7.9|214|108|
5.4|214|109|
4.6|214|110|
20.8|214|114|
2.5|214|115|
4.1|214|116|
26.7|214|117|
13.6|214|118|
18.1|214|119|
6.5|214|121|
2.5|214|122|
2.5|214|123|
18.8|214|124|
9.8|214|126|
43|214|127|
3.5|214|128|
2.5|214|129|
6.9|214|130|
14.6|214|131|
8.4|214|134|
7.7|214|136|
5.8|214|137|
15.3|214|138|
2.5|214|139|
2.5|214|140|
2.5|214|142|
2.5|214|143|
30.2|214|144|
2.6|214|145|
14.4|214|147|
4.9|214|148|
11.2|214|149|
3.6|214|150|
29.8|214|152|
5.2|214|154|
2.5|214|155|
12.8|214|156|
4.6|214|158|
2.5|214|159|
2.5|214|161|
8.8|214|162|
5.7|214|165|
13.3|214|166|
7.7|214|167|
2.5|214|168|
2.5|214|169|
26.5|214|172|
8.8|214|173|
30.8|214|174|
21.1|214|175|
6|214|177|
2.7|214|178|
2.5|214|179|
4.2|214|180|
2.5|214|183|
3|214|184|
2.5|214|185|
2.5|214|186|
2.5|214|187|
4.7|214|188|
7.1|214|189|
8.6|214|190|
9|214|191|
25.8|215|0|
4.9|215|1|
3.2|215|2|
19|215|4|
2.6|215|6|
2.7|215|7|
2.5|215|8|
2.5|215|9|
2.5|215|10|
14.9|215|13|
4.5|215|14|
2.5|215|15|
2.5|215|16|
7.7|215|17|
7.6|215|18|
16.2|215|20|
2.5|215|21|
18.6|215|22|
2.5|215|23|
2.5|215|24|
3.3|215|25|
17.6|215|26|
15.7|215|28|
6.7|215|29|
2.5|215|30|
17.6|215|31|
35.4|215|33|
3.1|215|34|
2.5|215|35|
6.6|215|36|
25.3|215|39|
3.9|215|40|
19.9|215|41|
2.5|215|42|
2.5|215|43|
7.3|215|44|
2.5|215|45|
2.5|215|46|
5.3|215|48|
7.6|215|49|
8.8|215|50|
4.6|215|51|
10.7|215|52|
2.5|215|55|
17|215|56|
21.5|215|57|
4.1|215|58|
2.5|215|59|
2.5|215|60|
14.1|215|61|
11.6|215|62|
5.9|215|63|
2.5|215|64|
7.7|215|65|
2.5|215|66|
16.9|215|68|
6.9|215|71|
47.8|215|72|
14.9|215|74|
2.5|215|75|
2.5|215|76|
14.7|215|77|
9.3|215|78|
4.9|215|79|
23.6|215|80|
2.5|215|81|
2.5|215|82|
2.5|215|83|
9.7|215|84|
2.5|215|85|
8.5|215|86|
2.5|215|87|
22.3|215|88|
2.6|215|89|
2.5|215|90|
6.1|215|91|
2.5|215|93|
5.6|215|94|
36.8|215|95|
38.8|215|96|
2.5|215|99|
2.5|215|100|
40.2|215|101|
17.4|215|102|
4|215|103|
5.4|215|105|
2.5|215|106|
9.6|215|108|
5.8|215|109|
5.6|215|110|
19.5|215|114|
2.5|215|115|
3.8|215|116|
31|215|117|
13.9|215|118|
14.8|215|119|
6.4|215|121|
2.5|215|122|
2.5|215|123|
19|215|124|
11.1|215|126|
44.5|215|127|
3.4|215|128|
2.5|215|129|
7.7|215|130|
12.8|215|131|
8.3|215|134|
8|215|136|
6.6|215|137|
16.2|215|138|
2.5|215|139|
2.5|215|140|
2.5|215|142|
2.5|215|143|
33.9|215|144|
2.5|215|145|
14.5|215|147|
4.7|215|148|
11.4|215|149|
4.1|215|150|
27.8|215|152|
5.8|215|154|
2.5|215|155|
12.1|215|156|
5|215|158|
2.5|215|159|
2.5|215|161|
8.7|215|162|
6.1|215|165|
11.4|215|166|
7.9|215|167|
2.5|215|168|
2.5|215|169|
24.8|215|172|
8.6|215|173|
30.3|215|174|
21.3|215|175|
5.9|215|177|
2.5|215|178|
2.5|215|179|
3.6|215|180|
2.8|215|183|
2.8|215|184|
2.5|215|185|
2.5|215|186|
2.5|215|187|
2.9|215|188|
8.4|215|189|
14|215|190|
8.2|215|191|
27.5|216|0|
4.5|216|1|
3.2|216|2|
19.5|216|4|
2.9|216|6|
2.8|216|7|
2.5|216|8|
2.5|216|9|
2.5|216|10|
14.1|216|13|
4.6|216|14|
2.5|216|15|
2.5|216|16|
7.5|216|17|
7.5|216|18|
15.5|216|20|
2.5|216|21|
20.5|216|22|
2.5|216|23|
2.5|216|24|
3.5|216|25|
18.1|216|26|
15.4|216|28|
6.5|216|29|
2.5|216|30|
17.5|216|31|
36.4|216|33|
3.2|216|34|
2.5|216|35|
5.8|216|36|
25.9|216|39|
3.5|216|40|
19.2|216|41|
2.5|216|42|
2.5|216|43|
7.3|216|44|
2.5|216|45|
2.5|216|46|
5.4|216|48|
7|216|49|
8.9|216|50|
4.7|216|51|
10.1|216|52|
2.5|216|55|
16.8|216|56|
20.6|216|57|
4|216|58|
2.5|216|59|
2.5|216|60|
15.1|216|61|
12|216|62|
6.2|216|63|
2.5|216|64|
7.5|216|65|
2.5|216|66|
16.2|216|68|
6.1|216|71|
47.8|216|72|
14.1|216|74|
2.5|216|75|
2.5|216|76|
14.4|216|77|
9.2|216|78|
4.9|216|79|
24|216|80|
2.5|216|81|
2.5|216|82|
2.5|216|83|
9.4|216|84|
2.5|216|85|
8.6|216|86|
2.5|216|87|
23.4|216|88|
2.6|216|89|
2.5|216|90|
6.3|216|91|
2.5|216|93|
6.2|216|94|
37.4|216|95|
38.8|216|96|
2.5|216|99|
2.5|216|100|
41.4|216|101|
17|216|102|
3.4|216|103|
5.3|216|105|
2.5|216|106|
10.8|216|108|
5.4|216|109|
6.4|216|110|
21.2|216|114|
2.5|216|115|
3.8|216|116|
32.9|216|117|
13.5|216|118|
12.8|216|119|
6|216|121|
2.5|216|122|
2.5|216|123|
18.1|216|124|
12|216|126|
46|216|127|
3.1|216|128|
2.5|216|129|
8.1|216|130|
12.1|216|131|
7.8|216|134|
8.5|216|136|
6.9|216|137|
15.2|216|138|
2.5|216|139|
2.5|216|140|
2.5|216|142|
2.5|216|143|
34.8|216|144|
2.5|216|145|
13.4|216|147|
4.8|216|148|
10.3|216|149|
4.1|216|150|
27.3|216|152|
6.5|216|154|
2.5|216|155|
11.9|216|156|
5.3|216|158|
2.5|216|159|
2.5|216|161|
8.3|216|162|
5.9|216|165|
11.9|216|166|
8.5|216|167|
2.5|216|168|
2.5|216|169|
24.4|216|172|
8.6|216|173|
30.2|216|174|
21.3|216|175|
5.9|216|177|
2.5|216|178|
2.5|216|179|
3.7|216|180|
2.5|216|183|
2.8|216|184|
2.5|216|185|
2.5|216|186|
2.5|216|187|
2.9|216|188|
9.2|216|189|
20.8|216|190|
7.6|216|191|
28.9|217|0|
3.9|217|1|
3.1|217|2|
19.4|217|4|
3.4|217|6|
2.7|217|7|
2.5|217|8|
2.5|217|9|
2.5|217|10|
13.5|217|13|
4.5|217|14|
2.5|217|15|
2.5|217|16|
7.5|217|17|
7.4|217|18|
15.6|217|20|
2.5|217|21|
22.4|217|22|
2.5|217|23|
2.5|217|24|
3.1|217|25|
18.7|217|26|
15|217|28|
6.4|217|29|
2.5|217|30|
17.9|217|31|
37.9|217|33|
3.3|217|34|
2.5|217|35|
5.5|217|36|
27.4|217|39|
3.2|217|40|
19.9|217|41|
2.5|217|42|
2.5|217|43|
7.1|217|44|
2.5|217|45|
2.5|217|46|
5.7|217|48|
6|217|49|
9.1|217|50|
4.7|217|51|
9.5|217|52|
2.5|217|55|
16.5|217|56|
19.9|217|57|
3.9|217|58|
2.5|217|59|
2.5|217|60|
15.9|217|61|
12|217|62|
7.1|217|63|
2.5|217|64|
7|217|65|
2.5|217|66|
16.1|217|68|
6|217|71|
48.3|217|72|
13.8|217|74|
2.5|217|75|
2.5|217|76|
14.2|217|77|
8.9|217|78|
4.8|217|79|
24|217|80|
2.5|217|81|
2.5|217|82|
2.5|217|83|
9.3|217|84|
2.5|217|85|
8.7|217|86|
2.5|217|87|
23.7|217|88|
2.8|217|89|
2.5|217|90|
6.4|217|91|
2.5|217|93|
6.2|217|94|
37.9|217|95|
38.4|217|96|
2.5|217|99|
2.5|217|100|
41.2|217|101|
18.6|217|102|
3.2|217|103|
5.2|217|105|
2.5|217|106|
11.7|217|108|
5.5|217|109|
6.7|217|110|
18.8|217|114|
2.5|217|115|
4|217|116|
32.9|217|117|
13.7|217|118|
13.3|217|119|
6|217|121|
2.5|217|122|
2.5|217|123|
17.1|217|124|
11.9|217|126|
47|217|127|
3.1|217|128|
2.5|217|129|
8.2|217|130|
12|217|131|
7.3|217|134|
8.7|217|136|
7|217|137|
14.9|217|138|
2.5|217|139|
2.5|217|140|
2.5|217|142|
2.5|217|143|
34.9|217|144|
2.5|217|145|
12.1|217|147|
4.8|217|148|
9.6|217|149|
4.3|217|150|
26.8|217|152|
5.8|217|154|
2.5|217|155|
12.3|217|156|
5.5|217|158|
2.5|217|159|
2.5|217|161|
7.8|217|162|
6|217|165|
12.2|217|166|
8.4|217|167|
2.5|217|168|
2.5|217|169|
24.5|217|172|
8.9|217|173|
30.7|217|174|
21.1|217|175|
5.7|217|177|
2.5|217|178|
2.5|217|179|
3.8|217|180|
3.3|217|183|
3|217|184|
2.5|217|185|
2.5|217|186|
2.5|217|187|
2.8|217|188|
9.7|217|189|
27.3|217|190|
6.9|217|191|
29.9|218|0|
3.6|218|1|
2.8|218|2|
18.6|218|4|
3.8|218|6|
2.6|218|7|
2.5|218|8|
2.5|218|9|
2.5|218|10|
13|218|13|
4.3|218|14|
2.5|218|15|
2.5|218|16|
7.6|218|17|
7.4|218|18|
15.5|218|20|
2.5|218|21|
24.1|218|22|
2.5|218|23|
2.5|218|24|
3|218|25|
19.2|218|26|
14.5|218|28|
6.3|218|29|
2.5|218|30|
18.5|218|31|
39.6|218|33|
3.5|218|34|
2.5|218|35|
5.5|218|36|
28|218|39|
3.2|218|40|
19.9|218|41|
2.5|218|42|
2.5|218|43|
6.8|218|44|
2.5|218|45|
2.5|218|46|
5.8|218|48|
5.5|218|49|
8.8|218|50|
4.7|218|51|
8.9|218|52|
2.5|218|55|
16.9|218|56|
19.7|218|57|
3.9|218|58|
2.5|218|59|
2.5|218|60|
16.6|218|61|
11.9|218|62|
8.2|218|63|
2.5|218|64|
6.5|218|65|
2.5|218|66|
16.1|218|68|
5.7|218|71|
48.2|218|72|
13.8|218|74|
2.5|218|75|
2.5|218|76|
14|218|77|
9|218|78|
4.7|218|79|
23.7|218|80|
2.5|218|81|
2.5|218|82|
2.5|218|83|
8.7|218|84|
2.5|218|85|
8.5|218|86|
2.5|218|87|
23|218|88|
3|218|89|
2.5|218|90|
6.4|218|91|
2.5|218|93|
5.7|218|94|
32.6|218|95|
37.5|218|96|
2.5|218|99|
2.5|218|100|
41.7|218|101|
18.8|218|102|
3|218|103|
5.1|218|105|
2.5|218|106|
11.9|218|108|
5.3|218|109|
7.1|218|110|
21.3|218|114|
2.5|218|115|
4.3|218|116|
32.6|218|117|
14.1|218|118|
14.7|218|119|
6.1|218|121|
2.5|218|122|
2.5|218|123|
17.2|218|124|
12.6|218|126|
47.6|218|127|
3.1|218|128|
2.5|218|129|
7.8|218|130|
12.3|218|131|
6.9|218|134|
8.8|218|136|
6.7|218|137|
14.5|218|138|
2.5|218|139|
2.5|218|140|
2.5|218|142|
2.5|218|143|
35.6|218|144|
2.5|218|145|
12|218|147|
4.8|218|148|
9.4|218|149|
4.6|218|150|
26|218|152|
6.1|218|154|
2.5|218|155|
13.2|218|156|
5.7|218|158|
2.5|218|159|
2.5|218|161|
7.6|218|162|
5.7|218|165|
12.4|218|166|
8.1|218|167|
2.5|218|168|
2.5|218|169|
25|218|172|
9.3|218|173|
30.9|218|174|
20.7|218|175|
5.5|218|177|
2.5|218|178|
2.5|218|179|
4|218|180|
3.5|218|183|
3.1|218|184|
2.5|218|185|
2.5|218|186|
2.5|218|187|
2.6|218|188|
9.8|218|189|
31.4|218|190|
6.4|218|191|
