48|161|0|
103|161|1|
150|161|2|
84|161|4|
3800|161|5|
357|161|6|
513|161|8|
373|161|9|
319|161|11|
89|161|13|
477|161|14|
241|161|17|
22|161|18|
178|161|20|
157|161|22|
383|161|23|
317|161|24|
186|161|25|
16|161|26|
92|161|28|
14|161|29|
417|161|30|
134|161|31|
28|161|32|
47|161|33|
252|161|34|
18|161|35|
533|161|36|
17|161|39|
410|161|40|
74|161|41|
447|161|43|
205|161|44|
470|161|46|
327|161|47|
317|161|48|
212|161|49|
242|161|50|
113|161|51|
196|161|52|
260|161|56|
270|161|58|
413|161|59|
278|161|60|
19|161|61|
104|161|62|
314|161|64|
91|161|65|
140|161|66|
333|161|67|
196|161|68|
28|161|69|
13|161|70|
363|161|71|
217|161|72|
232|161|74|
275|161|75|
543|161|76|
175|161|77|
107|161|78|
213|161|79|
206|161|80|
487|161|81|
324|161|82|
229|161|83|
360|161|84|
165|161|85|
246|161|86|
125|161|88|
189|161|89|
318|161|90|
7|161|92|
206|161|94|
103|161|95|
16|161|96|
97|161|101|
24|161|102|
291|161|103|
327|161|104|
25|161|105|
333|161|106|
184|161|108|
390|161|109|
229|161|110|
27|161|114|
258|161|116|
61|161|117|
43|161|118|
257|161|119|
9|161|121|
433|161|122|
450|161|123|
318|161|124|
21|161|125|
15|161|126|
12|161|127|
413|161|129|
187|161|131|
265|161|134|
127|161|136|
260|161|137|
129|161|138|
297|161|139|
172|161|140|
100|161|142|
0|161|144|
188|161|145|
123|161|147|
61|161|148|
182|161|149|
76|161|152|
59|161|156|
360|161|158|
17|161|159|
188|161|161|
162|161|162|
357|161|163|
258|161|164|
284|161|165|
113|161|166|
266|161|167|
423|161|168|
487|161|169|
63|161|172|
36|161|173|
6|161|174|
20|161|175|
340|161|177|
222|161|178|
65|161|179|
99|161|182|
324|161|184|
473|161|185|
477|161|186|
353|161|187|
123|161|189|
329|161|190|
39|161|191|
96|161|192|
58|161|193|
92|161|194|
43|162|0|
106|162|1|
157|162|2|
102|162|4|
3867|162|5|
337|162|6|
497|162|8|
390|162|9|
319|162|11|
96|162|13|
480|162|14|
246|162|17|
29|162|18|
184|162|20|
153|162|22|
383|162|23|
333|162|24|
189|162|25|
20|162|26|
94|162|28|
15|162|29|
440|162|30|
135|162|31|
29|162|32|
55|162|33|
321|162|34|
17|162|35|
530|162|36|
14|162|39|
410|162|40|
75|162|41|
457|162|43|
207|162|44|
490|162|46|
285|162|47|
299|162|48|
294|162|49|
258|162|50|
123|162|51|
194|162|52|
262|162|56|
270|162|58|
380|162|59|
299|162|60|
24|162|61|
100|162|62|
312|162|64|
87|162|65|
139|162|66|
393|162|67|
212|162|68|
39|162|69|
13|162|70|
367|162|71|
223|162|72|
225|162|74|
280|162|75|
547|162|76|
168|162|77|
109|162|78|
209|162|79|
222|162|80|
463|162|81|
330|162|82|
233|162|83|
367|162|84|
180|162|85|
283|162|86|
130|162|88|
259|162|89|
313|162|90|
10|162|92|
250|162|94|
113|162|95|
22|162|96|
95|162|101|
26|162|102|
242|162|103|
317|162|104|
55|162|105|
363|162|106|
183|162|108|
397|162|109|
242|162|110|
44|162|114|
275|162|116|
63|162|117|
47|162|118|
267|162|119|
9|162|121|
447|162|122|
463|162|123|
347|162|124|
28|162|125|
18|162|126|
11|162|127|
423|162|129|
225|162|131|
225|162|134|
140|162|136|
266|162|137|
125|162|138|
293|162|139|
170|162|140|
110|162|142|
0|162|144|
219|162|145|
125|162|147|
60|162|148|
188|162|149|
77|162|152|
57|162|156|
360|162|158|
17|162|159|
214|162|161|
164|162|162|
383|162|163|
246|162|164|
337|162|165|
113|162|166|
275|162|167|
410|162|168|
500|162|169|
70|162|172|
39|162|173|
8|162|174|
38|162|175|
357|162|177|
223|162|178|
90|162|179|
103|162|182|
328|162|184|
410|162|185|
480|162|186|
367|162|187|
148|162|189|
315|162|190|
40|162|191|
104|162|192|
56|162|193|
109|162|194|
44|163|0|
114|163|1|
151|163|2|
112|163|4|
4700|163|5|
254|163|6|
500|163|8|
367|163|9|
303|163|11|
97|163|13|
483|163|14|
263|163|17|
31|163|18|
184|163|20|
155|163|22|
367|163|23|
314|163|24|
201|163|25|
18|163|26|
82|163|28|
15|163|29|
427|163|30|
122|163|31|
31|163|32|
63|163|33|
329|163|34|
18|163|35|
483|163|36|
32|163|39|
400|163|40|
66|163|41|
463|163|43|
212|163|44|
480|163|46|
324|163|47|
299|163|48|
293|163|49|
257|163|50|
124|163|51|
213|163|52|
269|163|56|
271|163|58|
298|163|59|
302|163|60|
26|163|61|
61|163|62|
317|163|64|
52|163|65|
129|163|66|
390|163|67|
204|163|68|
28|163|69|
21|163|70|
360|163|71|
216|163|72|
229|163|74|
288|163|75|
573|163|76|
167|163|77|
98|163|78|
213|163|79|
236|163|80|
480|163|81|
327|163|82|
243|163|83|
367|163|84|
174|163|85|
250|163|86|
122|163|88|
213|163|89|
301|163|90|
9|163|92|
243|163|94|
122|163|95|
26|163|96|
96|163|101|
25|163|102|
212|163|103|
321|163|104|
32|163|105|
393|163|106|
182|163|108|
387|163|109|
243|163|110|
95|163|114|
256|163|116|
64|163|117|
54|163|118|
275|163|119|
10|163|121|
460|163|122|
453|163|123|
357|163|124|
26|163|125|
14|163|126|
15|163|127|
417|163|129|
277|163|131|
277|163|134|
144|163|136|
276|163|137|
149|163|138|
314|163|139|
164|163|140|
124|163|142|
0|163|144|
207|163|145|
125|163|147|
91|163|148|
185|163|149|
70|163|152|
49|163|156|
393|163|158|
16|163|159|
191|163|161|
167|163|162|
380|163|163|
262|163|164|
296|163|165|
111|163|166|
275|163|167|
393|163|168|
407|163|169|
63|163|172|
41|163|173|
5|163|174|
23|163|175|
377|163|177|
218|163|178|
137|163|179|
110|163|182|
325|163|184|
453|163|185|
470|163|186|
333|163|187|
116|163|189|
297|163|190|
43|163|191|
93|163|192|
56|163|193|
118|163|194|
52|164|0|
122|164|1|
156|164|2|
98|164|4|
3600|164|5|
373|164|6|
513|164|8|
363|164|9|
321|164|11|
104|164|13|
483|164|14|
282|164|17|
19|164|18|
188|164|20|
152|164|22|
350|164|23|
380|164|24|
229|164|25|
17|164|26|
96|164|28|
17|164|29|
417|164|30|
132|164|31|
31|164|32|
62|164|33|
296|164|34|
22|164|35|
473|164|36|
26|164|39|
437|164|40|
59|164|41|
463|164|43|
224|164|44|
467|164|46|
239|164|47|
310|164|48|
271|164|49|
266|164|50|
127|164|51|
194|164|52|
262|164|56|
274|164|58|
393|164|59|
323|164|60|
33|164|61|
33|164|62|
329|164|64|
55|164|65|
146|164|66|
427|164|67|
214|164|68|
24|164|69|
23|164|70|
370|164|71|
224|164|72|
224|164|74|
298|164|75|
553|164|76|
168|164|77|
109|164|78|
222|164|79|
245|164|80|
480|164|81|
337|164|82|
254|164|83|
390|164|84|
193|164|85|
193|164|86|
122|164|88|
196|164|89|
283|164|90|
9|164|92|
276|164|94|
119|164|95|
22|164|96|
98|164|101|
33|164|102|
256|164|103|
291|164|104|
27|164|105|
377|164|106|
180|164|108|
390|164|109|
255|164|110|
176|164|114|
251|164|116|
71|164|117|
56|164|118|
284|164|119|
10|164|121|
437|164|122|
403|164|123|
343|164|124|
26|164|125|
13|164|126|
16|164|127|
410|164|129|
242|164|131|
275|164|134|
167|164|136|
271|164|137|
149|164|138|
307|164|139|
166|164|140|
136|164|142|
2|164|144|
204|164|145|
130|164|147|
100|164|148|
194|164|149|
67|164|152|
55|164|156|
397|164|158|
15|164|159|
210|164|161|
173|164|162|
403|164|163|
267|164|164|
353|164|165|
111|164|166|
264|164|167|
397|164|168|
463|164|169|
64|164|172|
39|164|173|
6|164|174|
26|164|175|
353|164|177|
219|164|178|
142|164|179|
108|164|182|
311|164|184|
440|164|185|
483|164|186|
357|164|187|
112|164|189|
347|164|190|
43|164|191|
94|164|192|
57|164|193|
113|164|194|
54|165|0|
123|165|1|
146|165|2|
98|165|4|
2547|165|5|
340|165|6|
513|165|8|
380|165|9|
333|165|11|
114|165|13|
480|165|14|
289|165|17|
21|165|18|
205|165|20|
152|165|22|
377|165|23|
350|165|24|
225|165|25|
15|165|26|
108|165|28|
20|165|29|
430|165|30|
125|165|31|
31|165|32|
59|165|33|
274|165|34|
23|165|35|
443|165|36|
26|165|39|
420|165|40|
74|165|41|
473|165|43|
254|165|44|
483|165|46|
311|165|47|
313|165|48|
241|165|49|
273|165|50|
133|165|51|
241|165|52|
280|165|56|
274|165|58|
400|165|59|
305|165|60|
28|165|61|
133|165|62|
317|165|64|
74|165|65|
168|165|66|
483|165|67|
242|165|68|
40|165|69|
25|165|70|
370|165|71|
216|165|72|
238|165|74|
300|165|75|
550|165|76|
177|165|77|
108|165|78|
229|165|79|
259|165|80|
490|165|81|
353|165|82|
250|165|83|
397|165|84|
206|165|85|
280|165|86|
129|165|88|
225|165|89|
285|165|90|
9|165|92|
282|165|94|
128|165|95|
33|165|96|
95|165|101|
33|165|102|
256|165|103|
280|165|104|
53|165|105|
457|165|106|
210|165|108|
383|165|109|
259|165|110|
179|165|114|
235|165|116|
72|165|117|
49|165|118|
291|165|119|
11|165|121|
463|165|122|
453|165|123|
314|165|124|
27|165|125|
18|165|126|
16|165|127|
443|165|129|
270|165|131|
316|165|134|
180|165|136|
294|165|137|
157|165|138|
318|165|139|
169|165|140|
153|165|142|
3|165|144|
232|165|145|
116|165|147|
108|165|148|
180|165|149|
80|165|152|
60|165|156|
383|165|158|
17|165|159|
211|165|161|
189|165|162|
423|165|163|
273|165|164|
340|165|165|
117|165|166|
286|165|167|
420|165|168|
460|165|169|
65|165|172|
70|165|173|
10|165|174|
19|165|175|
377|165|177|
164|165|178|
150|165|179|
129|165|182|
313|165|184|
470|165|185|
490|165|186|
357|165|187|
133|165|189|
357|165|190|
61|165|191|
131|165|192|
60|165|193|
135|165|194|
56|166|0|
126|166|1|
150|166|2|
96|166|4|
1640|166|5|
363|166|6|
503|166|8|
370|166|9|
337|166|11|
140|166|13|
483|166|14|
303|166|17|
23|166|18|
214|166|20|
149|166|22|
337|166|23|
370|166|24|
256|166|25|
17|166|26|
107|166|28|
21|166|29|
453|166|30|
146|166|31|
37|166|32|
60|166|33|
263|166|34|
24|166|35|
433|166|36|
24|166|39|
437|166|40|
81|166|41|
473|166|43|
262|166|44|
490|166|46|
264|166|47|
380|166|48|
261|166|49|
282|166|50|
137|166|51|
228|166|52|
292|166|56|
276|166|58|
427|166|59|
318|166|60|
41|166|61|
94|166|62|
331|166|64|
77|166|65|
190|166|66|
483|166|67|
249|166|68|
35|166|69|
25|166|70|
347|166|71|
207|166|72|
229|166|74|
313|166|75|
613|166|76|
175|166|77|
92|166|78|
248|166|79|
271|166|80|
490|166|81|
343|166|82|
255|166|83|
417|166|84|
218|166|85|
293|166|86|
132|166|88|
217|166|89|
322|166|90|
8|166|92|
312|166|94|
121|166|95|
32|166|96|
88|166|101|
35|166|102|
273|166|103|
272|166|104|
39|166|105|
460|166|106|
209|166|108|
367|166|109|
266|166|110|
174|166|114|
241|166|116|
72|166|117|
58|166|118|
298|166|119|
12|166|121|
463|166|122|
467|166|123|
290|166|124|
21|166|125|
18|166|126|
15|166|127|
437|166|129|
299|166|131|
250|166|134|
196|166|136|
278|166|137|
161|166|138|
332|166|139|
195|166|140|
163|166|142|
6|166|144|
226|166|145|
130|166|147|
110|166|148|
172|166|149|
86|166|152|
74|166|156|
363|166|158|
22|166|159|
225|166|161|
221|166|162|
430|166|163|
276|166|164|
340|166|165|
124|166|166|
301|166|167|
427|166|168|
460|166|169|
68|166|172|
61|166|173|
18|166|174|
44|166|175|
417|166|177|
154|166|178|
160|166|179|
148|166|182|
278|166|184|
460|166|185|
490|166|186|
353|166|187|
124|166|189|
343|166|190|
56|166|191|
140|166|192|
65|166|193|
141|166|194|
58|167|0|
128|167|1|
158|167|2|
98|167|4|
1167|167|5|
370|167|6|
490|167|8|
360|167|9|
337|167|11|
146|167|13|
480|167|14|
318|167|17|
30|167|18|
224|167|20|
147|167|22|
347|167|23|
380|167|24|
254|167|25|
16|167|26|
113|167|28|
25|167|29|
443|167|30|
145|167|31|
50|167|32|
67|167|33|
280|167|34|
22|167|35|
410|167|36|
21|167|39|
403|167|40|
71|167|41|
477|167|43|
266|167|44|
487|167|46|
340|167|47|
383|167|48|
245|167|49|
277|167|50|
134|167|51|
243|167|52|
311|167|56|
278|167|58|
417|167|59|
363|167|60|
40|167|61|
170|167|62|
322|167|64|
69|167|65|
193|167|66|
510|167|67|
253|167|68|
26|167|69|
24|167|70|
347|167|71|
206|167|72|
238|167|74|
320|167|75|
567|167|76|
155|167|77|
113|167|78|
236|167|79|
300|167|80|
503|167|81|
347|167|82|
262|167|83|
430|167|84|
245|167|85|
305|167|86|
133|167|88|
264|167|89|
277|167|90|
10|167|92|
309|167|94|
121|167|95|
32|167|96|
82|167|101|
40|167|102|
261|167|103|
262|167|104|
31|167|105|
477|167|106|
214|167|108|
367|167|109|
282|167|110|
169|167|114|
238|167|116|
75|167|117|
56|167|118|
304|167|119|
9|167|121|
450|167|122|
457|167|123|
283|167|124|
20|167|125|
23|167|126|
63|167|127|
443|167|129|
304|167|131|
259|167|134|
145|167|136|
272|167|137|
182|167|138|
347|167|139|
199|167|140|
153|167|142|
9|167|144|
213|167|145|
128|167|147|
109|167|148|
147|167|149|
85|167|152|
72|167|156|
340|167|158|
34|167|159|
261|167|161|
219|167|162|
430|167|163|
250|167|164|
350|167|165|
129|167|166|
319|167|167|
420|167|168|
443|167|169|
68|167|172|
69|167|173|
25|167|174|
46|167|175|
410|167|177|
197|167|178|
159|167|179|
131|167|182|
320|167|184|
470|167|185|
500|167|186|
331|167|187|
150|167|189|
340|167|190|
70|167|191|
142|167|192|
90|167|193|
158|167|194|
59|168|0|
129|168|1|
160|168|2|
115|168|4|
627|168|5|
363|168|6|
493|168|8|
387|168|9|
370|168|11|
136|168|13|
477|168|14|
333|168|17|
34|168|18|
229|168|20|
145|168|22|
380|168|23|
393|168|24|
296|168|25|
23|168|26|
119|168|28|
25|168|29|
440|168|30|
155|168|31|
42|168|32|
59|168|33|
274|168|34|
24|168|35|
393|168|36|
20|168|39|
447|168|40|
78|168|41|
480|168|43|
282|168|44|
473|168|46|
306|168|47|
390|168|48|
292|168|49|
285|168|50|
135|168|51|
242|168|52|
249|168|56|
284|168|58|
423|168|59|
308|168|60|
40|168|61|
186|168|62|
343|168|64|
84|168|65|
193|168|66|
523|168|67|
257|168|68|
27|168|69|
31|168|70|
353|168|71|
209|168|72|
237|168|74|
316|168|75|
550|168|76|
147|168|77|
106|168|78|
229|168|79|
281|168|80|
510|168|81|
363|168|82|
264|168|83|
450|168|84|
267|168|85|
249|168|86|
135|168|88|
289|168|89|
311|168|90|
17|168|92|
324|168|94|
121|168|95|
29|168|96|
92|168|101|
44|168|102|
324|168|103|
251|168|104|
61|168|105|
480|168|106|
190|168|108|
367|168|109|
300|168|110|
160|168|114|
235|168|116|
74|168|117|
48|168|118|
309|168|119|
10|168|121|
447|168|122|
420|168|123|
319|168|124|
21|168|125|
14|168|126|
89|168|127|
457|168|129|
281|168|131|
277|168|134|
160|168|136|
267|168|137|
188|168|138|
363|168|139|
222|168|140|
175|168|142|
13|168|144|
231|168|145|
129|168|147|
124|168|148|
150|168|149|
83|168|152|
76|168|156|
350|168|158|
47|168|159|
244|168|161|
220|168|162|
440|168|163|
225|168|164|
357|168|165|
134|168|166|
288|168|167|
407|168|168|
490|168|169|
71|168|172|
60|168|173|
19|168|174|
58|168|175|
417|168|177|
190|168|178|
157|168|179|
143|168|182|
360|168|184|
447|168|185|
503|168|186|
313|168|187|
146|168|189|
343|168|190|
71|168|191|
163|168|192|
109|168|193|
152|168|194|
48|169|0|
136|169|1|
153|169|2|
100|169|4|
1037|169|5|
363|169|6|
500|169|8|
332|169|9|
440|169|11|
142|169|13|
463|169|14|
343|169|17|
34|169|18|
239|169|20|
149|169|22|
377|169|23|
370|169|24|
326|169|25|
18|169|26|
107|169|28|
33|169|29|
457|169|30|
181|169|31|
44|169|32|
53|169|33|
343|169|34|
25|169|35|
430|169|36|
23|169|39|
443|169|40|
76|169|41|
480|169|43|
280|169|44|
480|169|46|
228|169|47|
400|169|48|
280|169|49|
297|169|50|
135|169|51|
241|169|52|
257|169|56|
288|169|58|
453|169|59|
347|169|60|
42|169|61|
178|169|62|
337|169|64|
89|169|65|
181|169|66|
483|169|67|
250|169|68|
29|169|69|
37|169|70|
353|169|71|
208|169|72|
276|169|74|
340|169|75|
523|169|76|
168|169|77|
109|169|78|
221|169|79|
283|169|80|
503|169|81|
367|169|82|
277|169|83|
480|169|84|
279|169|85|
243|169|86|
140|169|88|
317|169|89|
337|169|90|
17|169|92|
340|169|94|
121|169|95|
30|169|96|
90|169|101|
47|169|102|
319|169|103|
286|169|104|
31|169|105|
463|169|106|
175|169|108|
373|169|109|
315|169|110|
152|169|114|
237|169|116|
83|169|117|
42|169|118|
314|169|119|
13|169|121|
450|169|122|
450|169|123|
283|169|124|
23|169|125|
21|169|126|
106|169|127|
400|169|129|
317|169|131|
263|169|134|
167|169|136|
268|169|137|
182|169|138|
377|169|139|
246|169|140|
188|169|142|
11|169|144|
238|169|145|
117|169|147|
136|169|148|
134|169|149|
92|169|152|
77|169|156|
350|169|158|
64|169|159|
251|169|161|
227|169|162|
440|169|163|
217|169|164|
363|169|165|
143|169|166|
303|169|167|
407|169|168|
477|169|169|
72|169|172|
75|169|173|
29|169|174|
42|169|175|
403|169|177|
177|169|178|
174|169|179|
123|169|182|
377|169|184|
447|169|185|
517|169|186|
350|169|187|
159|169|189|
360|169|190|
83|169|191|
151|169|192|
115|169|193|
156|169|194|
63|170|0|
135|170|1|
137|170|2|
120|170|4|
1080|170|5|
393|170|6|
507|170|8|
377|170|9|
423|170|11|
126|170|13|
477|170|14|
347|170|17|
32|170|18|
254|170|20|
150|170|22|
377|170|23|
373|170|24|
330|170|25|
21|170|26|
87|170|28|
38|170|29|
453|170|30|
182|170|31|
46|170|32|
67|170|33|
337|170|34|
24|170|35|
400|170|36|
21|170|39|
477|170|40|
79|170|41|
477|170|43|
280|170|44|
497|170|46|
301|170|47|
407|170|48|
255|170|49|
305|170|50|
140|170|51|
237|170|52|
272|170|56|
290|170|58|
467|170|59|
363|170|60|
41|170|61|
147|170|62|
353|170|64|
90|170|65|
202|170|66|
453|170|67|
259|170|68|
29|170|69|
39|170|70|
363|170|71|
210|170|72|
250|170|74|
333|170|75|
517|170|76|
177|170|77|
110|170|78|
222|170|79|
287|170|80|
503|170|81|
383|170|82|
282|170|83|
420|170|84|
320|170|85|
244|170|86|
149|170|88|
325|170|89|
340|170|90|
18|170|92|
337|170|94|
120|170|95|
37|170|96|
100|170|101|
55|170|102|
340|170|103|
274|170|104|
68|170|105|
463|170|106|
162|170|108|
377|170|109|
332|170|110|
113|170|114|
247|170|116|
87|170|117|
39|170|118|
293|170|119|
15|170|121|
453|170|122|
457|170|123|
282|170|124|
25|170|125|
23|170|126|
116|170|127|
407|170|129|
313|170|131|
269|170|134|
184|170|136|
291|170|137|
167|170|138|
380|170|139|
249|170|140|
194|170|142|
9|170|144|
253|170|145|
138|170|147|
152|170|148|
161|170|149|
90|170|152|
73|170|156|
360|170|158|
69|170|159|
266|170|161|
226|170|162|
433|170|163|
209|170|164|
383|170|165|
154|170|166|
301|170|167|
417|170|168|
487|170|169|
83|170|172|
78|170|173|
19|170|174|
37|170|175|
393|170|177|
197|170|178|
178|170|179|
121|170|182|
387|170|184|
450|170|185|
520|170|186|
353|170|187|
161|170|189|
360|170|190|
84|170|191|
156|170|192|
129|170|193|
159|170|194|
53|171|0|
137|171|1|
168|171|2|
126|171|4|
1967|171|5|
393|171|6|
507|171|8|
377|171|9|
393|171|11|
119|171|13|
537|171|14|
340|171|17|
30|171|18|
269|171|20|
152|171|22|
373|171|23|
403|171|24|
331|171|25|
21|171|26|
81|171|28|
40|171|29|
450|171|30|
181|171|31|
45|171|32|
56|171|33|
357|171|34|
23|171|35|
430|171|36|
27|171|39|
507|171|40|
75|171|41|
473|171|43|
285|171|44|
483|171|46|
301|171|47|
400|171|48|
271|171|49|
314|171|50|
143|171|51|
248|171|52|
275|171|56|
295|171|58|
453|171|59|
383|171|60|
39|171|61|
173|171|62|
360|171|64|
87|171|65|
223|171|66|
437|171|67|
255|171|68|
30|171|69|
43|171|70|
367|171|71|
212|171|72|
256|171|74|
343|171|75|
487|171|76|
187|171|77|
119|171|78|
228|171|79|
287|171|80|
517|171|81|
373|171|82|
283|171|83|
453|171|84|
294|171|85|
245|171|86|
167|171|88|
290|171|89|
357|171|90|
15|171|92|
357|171|94|
120|171|95|
44|171|96|
117|171|101|
65|171|102|
255|171|103|
286|171|104|
54|171|105|
470|171|106|
142|171|108|
387|171|109|
313|171|110|
121|171|114|
248|171|116|
103|171|117|
42|171|118|
296|171|119|
11|171|121|
457|171|122|
440|171|123|
299|171|124|
25|171|125|
32|171|126|
116|171|127|
407|171|129|
285|171|131|
294|171|134|
175|171|136|
301|171|137|
177|171|138|
383|171|139|
251|171|140|
198|171|142|
5|171|144|
237|171|145|
137|171|147|
158|171|148|
169|171|149|
94|171|152|
88|171|156|
367|171|158|
76|171|159|
270|171|161|
215|171|162|
357|171|163|
224|171|164|
400|171|165|
168|171|166|
299|171|167|
433|171|168|
473|171|169|
93|171|172|
94|171|173|
23|171|174|
22|171|175|
410|171|177|
200|171|178|
185|171|179|
138|171|182|
393|171|184|
447|171|185|
530|171|186|
320|171|187|
178|171|189|
380|171|190|
83|171|191|
130|171|192|
144|171|193|
168|171|194|
49|172|0|
143|172|1|
160|172|2|
120|172|4|
309|172|5|
403|172|6|
517|172|8|
367|172|9|
393|172|11|
94|172|13|
477|172|14|
343|172|17|
27|172|18|
263|172|20|
150|172|22|
393|172|23|
420|172|24|
317|172|25|
29|172|26|
70|172|28|
41|172|29|
447|172|30|
182|172|31|
36|172|32|
72|172|33|
370|172|34|
26|172|35|
453|172|36|
39|172|39|
530|172|40|
71|172|41|
477|172|43|
285|172|44|
470|172|46|
320|172|47|
383|172|48|
281|172|49|
353|172|50|
148|172|51|
260|172|52|
269|172|56|
294|172|58|
457|172|59|
360|172|60|
42|172|61|
64|172|62|
367|172|64|
91|172|65|
228|172|66|
417|172|67|
266|172|68|
29|172|69|
44|172|70|
400|172|71|
216|172|72|
259|172|74|
353|172|75|
453|172|76|
172|172|77|
113|172|78|
234|172|79|
285|172|80|
460|172|81|
373|172|82|
304|172|83|
463|172|84|
299|172|85|
248|172|86|
169|172|88|
320|172|89|
370|172|90|
9|172|92|
373|172|94|
123|172|95|
45|172|96|
116|172|101|
59|172|102|
293|172|103|
278|172|104|
46|172|105|
457|172|106|
147|172|108|
380|172|109|
329|172|110|
138|172|114|
253|172|116|
108|172|117|
43|172|118|
299|172|119|
11|172|121|
457|172|122|
440|172|123|
312|172|124|
26|172|125|
28|172|126|
107|172|127|
403|172|129|
269|172|131|
315|172|134|
185|172|136|
322|172|137|
185|172|138|
397|172|139|
250|172|140|
204|172|142|
4|172|144|
247|172|145|
148|172|147|
170|172|148|
180|172|149|
91|172|152|
74|172|156|
373|172|158|
77|172|159|
268|172|161|
173|172|162|
470|172|163|
213|172|164|
387|172|165|
165|172|166|
289|172|167|
437|172|168|
520|172|169|
101|172|172|
80|172|173|
25|172|174|
32|172|175|
393|172|177|
225|172|178|
201|172|179|
115|172|182|
420|172|184|
407|172|185|
537|172|186|
350|172|187|
155|172|189|
367|172|190|
81|172|191|
129|172|192|
139|172|193|
151|172|194|
48|173|0|
143|173|1|
151|173|2|
119|173|4|
301|173|5|
329|173|6|
513|173|8|
413|173|9|
357|173|11|
95|173|13|
523|173|14|
343|173|17|
27|173|18|
234|173|20|
146|173|22|
397|173|23|
373|173|24|
330|173|25|
18|173|26|
62|173|28|
42|173|29|
443|173|30|
130|173|31|
38|173|32|
65|173|33|
295|173|34|
28|173|35|
463|173|36|
48|173|39|
570|173|40|
72|173|41|
463|173|43|
293|173|44|
500|173|46|
363|173|47|
297|173|48|
320|173|49|
350|173|50|
155|173|51|
266|173|52|
291|173|56|
299|173|58|
467|173|59|
403|173|60|
41|173|61|
68|173|62|
383|173|64|
85|173|65|
267|173|66|
340|173|67|
283|173|68|
28|173|69|
42|173|70|
440|173|71|
226|173|72|
284|173|74|
370|173|75|
470|173|76|
164|173|77|
103|173|78|
257|173|79|
294|173|80|
513|173|81|
373|173|82|
322|173|83|
460|173|84|
269|173|85|
201|173|86|
180|173|88|
252|173|89|
360|173|90|
8|173|92|
343|173|94|
119|173|95|
49|173|96|
122|173|101|
60|173|102|
288|173|103|
254|173|104|
63|173|105|
480|173|106|
158|173|108|
400|173|109|
353|173|110|
153|173|114|
256|173|116|
115|173|117|
55|173|118|
302|173|119|
19|173|121|
450|173|122|
443|173|123|
329|173|124|
27|173|125|
30|173|126|
95|173|127|
380|173|129|
266|173|131|
332|173|134|
192|173|136|
324|173|137|
194|173|138|
403|173|139|
256|173|140|
205|173|142|
3|173|144|
205|173|145|
158|173|147|
117|173|148|
166|173|149|
84|173|152|
75|173|156|
393|173|158|
85|173|159|
271|173|161|
148|173|162|
467|173|163|
239|173|164|
360|173|165|
166|173|166|
290|173|167|
433|173|168|
463|173|169|
97|173|172|
93|173|173|
28|173|174|
30|173|175|
427|173|177|
190|173|178|
227|173|179|
81|173|182|
423|173|184|
463|173|185|
540|173|186|
321|173|187|
159|173|189|
393|173|190|
88|173|191|
128|173|192|
146|173|193|
176|173|194|
49|174|0|
148|174|1|
162|174|2|
115|174|4|
291|174|5|
400|174|6|
510|174|8|
423|174|9|
321|174|11|
97|174|13|
543|174|14|
343|174|17|
22|174|18|
228|174|20|
153|174|22|
420|174|23|
390|174|24|
333|174|25|
15|174|26|
53|174|28|
50|174|29|
423|174|30|
133|174|31|
37|174|32|
58|174|33|
297|174|34|
26|174|35|
500|174|36|
42|174|39|
573|174|40|
73|174|41|
513|174|43|
210|174|44|
497|174|46|
357|174|47|
333|174|48|
315|174|49|
363|174|50|
159|174|51|
270|174|52|
298|174|56|
297|174|58|
443|174|59|
390|174|60|
73|174|61|
71|174|62|
380|174|64|
65|174|65|
276|174|66|
257|174|67|
276|174|68|
26|174|69|
29|174|70|
410|174|71|
223|174|72|
276|174|74|
377|174|75|
457|174|76|
179|174|77|
122|174|78|
255|174|79|
308|174|80|
487|174|81|
360|174|82|
331|174|83|
457|174|84|
276|174|85|
245|174|86|
181|174|88|
270|174|89|
380|174|90|
6|174|92|
337|174|94|
121|174|95|
39|174|96|
132|174|101|
55|174|102|
293|174|103|
277|174|104|
46|174|105|
470|174|106|
168|174|108|
370|174|109|
350|174|110|
130|174|114|
263|174|116|
116|174|117|
46|174|118|
293|174|119|
14|174|121|
450|174|122|
470|174|123|
329|174|124|
27|174|125|
21|174|126|
76|174|127|
316|174|129|
274|174|131|
311|174|134|
189|174|136|
337|174|137|
223|174|138|
427|174|139|
253|174|140|
206|174|142|
5|174|144|
225|174|145|
117|174|147|
131|174|148|
131|174|149|
65|174|152|
79|174|156|
410|174|158|
76|174|159|
295|174|161|
70|174|162|
583|174|163|
257|174|164|
297|174|165|
164|174|166|
292|174|167|
420|174|168|
490|174|169|
78|174|172|
112|174|173|
20|174|174|
14|174|175|
420|174|177|
235|174|178|
218|174|179|
45|174|182|
433|174|184|
383|174|185|
523|174|186|
370|174|187|
148|174|189|
397|174|190|
71|174|191|
120|174|192|
134|174|193|
177|174|194|
50|175|0|
149|175|1|
200|175|2|
100|175|4|
273|175|5|
373|175|6|
493|175|8|
350|175|9|
343|175|11|
92|175|13|
550|175|14|
343|175|17|
7|175|18|
231|175|20|
153|175|22|
440|175|23|
373|175|24|
328|175|25|
18|175|26|
51|175|28|
48|175|29|
407|175|30|
84|175|31|
34|175|32|
56|175|33|
279|175|34|
26|175|35|
563|175|36|
58|175|39|
583|175|40|
65|175|41|
483|175|43|
135|175|44|
463|175|46|
333|175|47|
360|175|48|
297|175|49|
377|175|50|
172|175|51|
288|175|52|
340|175|56|
295|175|58|
410|175|59|
360|175|60|
157|175|61|
16|175|62|
367|175|64|
60|175|65|
263|175|66|
227|175|67|
309|175|68|
27|175|69|
26|175|70|
373|175|71|
221|175|72|
272|175|74|
393|175|75|
413|175|76|
171|175|77|
118|175|78|
294|175|79|
313|175|80|
503|175|81|
343|175|82|
271|175|83|
473|175|84|
248|175|85|
217|175|86|
153|175|88|
347|175|89|
377|175|90|
10|175|92|
314|175|94|
178|175|95|
27|175|96|
136|175|101|
54|175|102|
282|175|103|
256|175|104|
42|175|105|
453|175|106|
122|175|108|
400|175|109|
397|175|110|
131|175|114|
272|175|116|
117|175|117|
31|175|118|
296|175|119|
16|175|121|
427|175|122|
410|175|123|
337|175|124|
28|175|125|
27|175|126|
70|175|127|
263|175|129|
258|175|131|
268|175|134|
167|175|136|
343|175|137|
202|175|138|
420|175|139|
258|175|140|
205|175|142|
4|175|144|
225|175|145|
92|175|147|
149|175|148|
155|175|149|
61|175|152|
52|175|156|
423|175|158|
71|175|159|
272|175|161|
42|175|162|
513|175|163|
240|175|164|
417|175|165|
143|175|166|
293|175|167|
423|175|168|
340|175|169|
60|175|172|
114|175|173|
12|175|174|
10|175|175|
403|175|177|
208|175|178|
223|175|179|
28|175|182|
387|175|184|
420|175|185|
507|175|186|
332|175|187|
103|175|189|
397|175|190|
65|175|191|
127|175|192|
148|175|193|
189|175|194|
52|176|0|
149|176|1|
214|176|2|
139|176|4|
300|176|5|
353|176|6|
523|176|8|
380|176|9|
340|176|11|
93|176|13|
560|176|14|
347|176|17|
9|176|18|
261|176|20|
158|176|22|
437|176|23|
363|176|24|
347|176|25|
26|176|26|
49|176|28|
49|176|29|
437|176|30|
84|176|31|
33|176|32|
61|176|33|
315|176|34|
27|176|35|
603|176|36|
52|176|39|
563|176|40|
67|176|41|
510|176|43|
192|176|44|
490|176|46|
347|176|47|
370|176|48|
292|176|49|
380|176|50|
178|176|51|
326|176|52|
331|176|56|
296|176|58|
407|176|59|
363|176|60|
146|176|61|
76|176|62|
390|176|64|
52|176|65|
283|176|66|
242|176|67|
310|176|68|
30|176|69|
25|176|70|
450|176|71|
228|176|72|
285|176|74|
317|176|75|
470|176|76|
174|176|77|
123|176|78|
299|176|79|
310|176|80|
470|176|81|
323|176|82|
299|176|83|
487|176|84|
258|176|85|
343|176|86|
120|176|88|
181|176|89|
393|176|90|
10|176|92|
363|176|94|
197|176|95|
46|176|96|
140|176|101|
61|176|102|
271|176|103|
227|176|104|
62|176|105|
480|176|106|
153|176|108|
383|176|109|
383|176|110|
131|176|114|
292|176|116|
115|176|117|
40|176|118|
299|176|119|
12|176|121|
427|176|122|
450|176|123|
367|176|124|
30|176|125|
40|176|126|
72|176|127|
367|176|129|
268|176|131|
278|176|134|
191|176|136|
363|176|137|
194|176|138|
427|176|139|
233|176|140|
254|176|142|
6|176|144|
226|176|145|
142|176|147|
151|176|148|
170|176|149|
67|176|152|
61|176|156|
423|176|158|
85|176|159|
305|176|161|
50|176|162|
527|176|163|
235|176|164|
433|176|165|
153|176|166|
262|176|167|
423|176|168|
393|176|169|
64|176|172|
113|176|173|
17|176|174|
11|176|175|
417|176|177|
231|176|178|
238|176|179|
21|176|182|
350|176|184|
420|176|185|
533|176|186|
370|176|187|
103|176|189|
410|176|190|
65|176|191|
129|176|192|
140|176|193|
189|176|194|
55|177|0|
138|177|1|
230|177|2|
142|177|4|
291|177|5|
331|177|6|
513|177|8|
380|177|9|
380|177|11|
86|177|13|
563|177|14|
343|177|17|
4|177|18|
292|177|20|
124|177|22|
423|177|23|
367|177|24|
343|177|25|
32|177|26|
47|177|28|
56|177|29|
433|177|30|
86|177|31|
35|177|32|
58|177|33|
331|177|34|
33|177|35|
593|177|36|
59|177|39|
593|177|40|
70|177|41|
493|177|43|
208|177|44|
420|177|46|
350|177|47|
321|177|48|
301|177|49|
397|177|50|
190|177|51|
316|177|52|
373|177|56|
300|177|58|
377|177|59|
353|177|60|
178|177|61|
134|177|62|
367|177|64|
36|177|65|
291|177|66|
294|177|67|
323|177|68|
35|177|69|
21|177|70|
430|177|71|
226|177|72|
293|177|74|
350|177|75|
550|177|76|
178|177|77|
126|177|78|
291|177|79|
317|177|80|
477|177|81|
330|177|82|
292|177|83|
507|177|84|
278|177|85|
360|177|86|
150|177|88|
227|177|89|
427|177|90|
15|177|92|
380|177|94|
198|177|95|
55|177|96|
134|177|101|
58|177|102|
340|177|103|
224|177|104|
30|177|105|
477|177|106|
170|177|108|
397|177|109|
373|177|110|
178|177|114|
301|177|116|
114|177|117|
40|177|118|
303|177|119|
16|177|121|
437|177|122|
427|177|123|
380|177|124|
33|177|125|
64|177|126|
76|177|127|
377|177|129|
311|177|131|
310|177|134|
196|177|136|
327|177|137|
215|177|138|
403|177|139|
239|177|140|
256|177|142|
6|177|144|
222|177|145|
161|177|147|
103|177|148|
167|177|149|
65|177|152|
74|177|156|
380|177|158|
109|177|159|
301|177|161|
80|177|162|
487|177|163|
266|177|164|
380|177|165|
164|177|166|
257|177|167|
393|177|168|
477|177|169|
64|177|172|
119|177|173|
16|177|174|
57|177|175|
407|177|177|
243|177|178|
260|177|179|
16|177|182|
390|177|184|
437|177|185|
543|177|186|
299|177|187|
107|177|189|
417|177|190|
53|177|191|
153|177|192|
133|177|193|
169|177|194|
58|178|0|
147|178|1|
231|178|2|
142|178|4|
272|178|5|
370|178|6|
510|178|8|
377|178|9|
417|178|11|
80|178|13|
573|178|14|
350|178|17|
6|178|18|
305|178|20|
152|178|22|
433|178|23|
427|178|24|
353|178|25|
45|178|26|
42|178|28|
57|178|29|
423|178|30|
90|178|31|
38|178|32|
57|178|33|
347|178|34|
34|178|35|
633|178|36|
65|178|39|
583|178|40|
74|178|41|
520|178|43|
217|178|44|
440|178|46|
328|178|47|
343|178|48|
307|178|49|
413|178|50|
203|178|51|
333|178|52|
420|178|56|
298|178|58|
350|178|59|
360|178|60|
168|178|61|
146|178|62|
387|178|64|
31|178|65|
301|178|66|
326|178|67|
317|178|68|
40|178|69|
32|178|70|
430|178|71|
233|178|72|
309|178|74|
363|178|75|
560|178|76|
194|178|77|
127|178|78|
293|178|79|
311|178|80|
503|178|81|
333|178|82|
299|178|83|
500|178|84|
296|178|85|
373|178|86|
158|178|88|
268|178|89|
443|178|90|
14|178|92|
407|178|94|
211|178|95|
59|178|96|
123|178|101|
59|178|102|
318|178|103|
235|178|104|
30|178|105|
503|178|106|
176|178|108|
417|178|109|
400|178|110|
180|178|114|
320|178|116|
114|178|117|
42|178|118|
307|178|119|
23|178|121|
397|178|122|
467|178|123|
360|178|124|
35|178|125|
81|178|126|
81|178|127|
393|178|129|
302|178|131|
322|178|134|
199|178|136|
320|178|137|
235|178|138|
417|178|139|
240|178|140|
268|178|142|
8|178|144|
224|178|145|
161|178|147|
156|178|148|
135|178|149|
66|178|152|
76|178|156|
367|178|158|
138|178|159|
302|178|161|
132|178|162|
463|178|163|
251|178|164|
350|178|165|
168|178|166|
331|178|167|
390|178|168|
410|178|169|
76|178|172|
123|178|173|
23|178|174|
37|178|175|
423|178|177|
240|178|178|
262|178|179|
19|178|182|
363|178|184|
380|178|185|
533|178|186|
303|178|187|
203|178|189|
430|178|190|
49|178|191|
161|178|192|
123|178|193|
144|178|194|
65|179|0|
154|179|1|
265|179|2|
141|179|4|
283|179|5|
363|179|6|
490|179|8|
380|179|9|
400|179|11|
83|179|13|
593|179|14|
357|179|17|
13|179|18|
340|179|20|
160|179|22|
477|179|23|
363|179|24|
343|179|25|
42|179|26|
36|179|28|
63|179|29|
410|179|30|
97|179|31|
37|179|32|
60|179|33|
347|179|34|
38|179|35|
610|179|36|
71|179|39|
560|179|40|
72|179|41|
487|179|43|
251|179|44|
420|179|46|
272|179|47|
142|179|48|
312|179|49|
437|179|50|
225|179|51|
322|179|52|
343|179|56|
302|179|58|
305|179|59|
324|179|60|
183|179|61|
174|179|62|
393|179|64|
17|179|65|
312|179|66|
332|179|67|
318|179|68|
61|179|69|
17|179|70|
400|179|71|
243|179|72|
306|179|74|
340|179|75|
567|179|76|
191|179|77|
132|179|78|
293|179|79|
304|179|80|
470|179|81|
337|179|82|
311|179|83|
447|179|84|
314|179|85|
430|179|86|
173|179|88|
353|179|89|
443|179|90|
11|179|92|
400|179|94|
179|179|95|
60|179|96|
115|179|101|
63|179|102|
330|179|103|
248|179|104|
44|179|105|
483|179|106|
173|179|108|
387|179|109|
410|179|110|
181|179|114|
324|179|116|
111|179|117|
43|179|118|
311|179|119|
20|179|121|
397|179|122|
460|179|123|
350|179|124|
38|179|125|
84|179|126|
58|179|127|
403|179|129|
305|179|131|
316|179|134|
194|179|136|
313|179|137|
238|179|138|
427|179|139|
244|179|140|
277|179|142|
13|179|144|
223|179|145|
151|179|147|
205|179|148|
163|179|149|
74|179|152|
95|179|156|
370|179|158|
157|179|159|
319|179|161|
173|179|162|
483|179|163|
258|179|164|
357|179|165|
172|179|166|
357|179|167|
407|179|168|
417|179|169|
61|179|172|
126|179|173|
32|179|174|
67|179|175|
467|179|177|
237|179|178|
271|179|179|
22|179|182|
380|179|184|
393|179|185|
540|179|186|
357|179|187|
171|179|189|
457|179|190|
60|179|191|
163|179|192|
144|179|193|
162|179|194|
67|180|0|
156|180|1|
268|180|2|
139|180|4|
319|180|5|
367|180|6|
507|180|8|
420|180|9|
470|180|11|
81|180|13|
597|180|14|
357|180|17|
3|180|18|
286|180|20|
183|180|22|
487|180|23|
410|180|24|
350|180|25|
39|180|26|
40|180|28|
66|180|29|
393|180|30|
104|180|31|
34|180|32|
43|180|33|
350|180|34|
44|180|35|
627|180|36|
81|180|39|
563|180|40|
91|180|41|
493|180|43|
220|180|44|
433|180|46|
288|180|47|
262|180|48|
333|180|49|
440|180|50|
239|180|51|
337|180|52|
380|180|56|
264|180|58|
350|180|59|
304|180|60|
188|180|61|
172|180|62|
393|180|64|
17|180|65|
245|180|66|
343|180|67|
350|180|68|
55|180|69|
29|180|70|
400|180|71|
231|180|72|
304|180|74|
377|180|75|
510|180|76|
174|180|77|
131|180|78|
272|180|79|
292|180|80|
447|180|81|
333|180|82|
320|180|83|
510|180|84|
305|180|85|
413|180|86|
191|180|88|
304|180|89|
410|180|90|
4|180|92|
333|180|94|
187|180|95|
52|180|96|
110|180|101|
73|180|102|
353|180|103|
265|180|104|
59|180|105|
480|180|106|
163|180|108|
417|180|109|
413|180|110|
212|180|114|
319|180|116|
104|180|117|
33|180|118|
314|180|119|
7|180|121|
417|180|122|
420|180|123|
367|180|124|
37|180|125|
102|180|126|
60|180|127|
387|180|129|
293|180|131|
340|180|134|
197|180|136|
251|180|137|
239|180|138|
410|180|139|
249|180|140|
285|180|142|
18|180|144|
225|180|145|
137|180|147|
377|180|148|
137|180|149|
64|180|152|
74|180|156|
370|180|158|
144|180|159|
279|180|161|
159|180|162|
517|180|163|
283|180|164|
370|180|165|
186|180|166|
407|180|167|
410|180|168|
423|180|169|
64|180|172|
106|180|173|
24|180|174|
65|180|175|
523|180|177|
246|180|178|
233|180|179|
23|180|182|
337|180|184|
393|180|185|
527|180|186|
318|180|187|
127|180|189|
420|180|190|
54|180|191|
168|180|192|
169|180|193|
161|180|194|
56|181|0|
155|181|1|
264|181|2|
112|181|4|
367|181|5|
343|181|6|
497|181|8|
400|181|9|
433|181|11|
81|181|13|
637|181|14|
357|181|17|
6|181|18|
273|181|20|
200|181|22|
447|181|23|
324|181|24|
353|181|25|
41|181|26|
30|181|28|
68|181|29|
393|181|30|
114|181|31|
35|181|32|
41|181|33|
340|181|34|
44|181|35|
583|181|36|
75|181|39|
600|181|40|
91|181|41|
510|181|43|
211|181|44|
437|181|46|
284|181|47|
275|181|48|
321|181|49|
367|181|50|
253|181|51|
328|181|52|
437|181|56|
258|181|58|
333|181|59|
327|181|60|
209|181|61|
189|181|62|
397|181|64|
8|181|65|
293|181|66|
323|181|67|
347|181|68|
50|181|69|
32|181|70|
447|181|71|
220|181|72|
310|181|74|
353|181|75|
530|181|76|
180|181|77|
154|181|78|
250|181|79|
300|181|80|
413|181|81|
327|181|82|
320|181|83|
430|181|84|
258|181|85|
443|181|86|
225|181|88|
282|181|89|
397|181|90|
11|181|92|
337|181|94|
190|181|95|
50|181|96|
109|181|101|
76|181|102|
293|181|103|
272|181|104|
40|181|105|
463|181|106|
171|181|108|
437|181|109|
413|181|110|
192|181|114|
306|181|116|
100|181|117|
47|181|118|
317|181|119|
23|181|121|
373|181|122|
417|181|123|
360|181|124|
36|181|125|
109|181|126|
57|181|127|
383|181|129|
301|181|131|
360|181|134|
203|181|136|
330|181|137|
218|181|138|
332|181|139|
249|181|140|
245|181|142|
17|181|144|
244|181|145|
104|181|147|
383|181|148|
154|181|149|
61|181|152|
77|181|156|
373|181|158|
128|181|159|
278|181|161|
145|181|162|
530|181|163|
279|181|164|
380|181|165|
171|181|166|
303|181|167|
407|181|168|
440|181|169|
58|181|172|
119|181|173|
33|181|174|
48|181|175|
507|181|177|
256|181|178|
233|181|179|
17|181|182|
347|181|184|
390|181|185|
520|181|186|
331|181|187|
106|181|189|
420|181|190|
59|181|191|
166|181|192|
169|181|193|
184|181|194|
67|182|0|
155|182|1|
244|182|2|
107|182|4|
322|182|5|
340|182|6|
487|182|8|
403|182|9|
463|182|11|
80|182|13|
590|182|14|
347|182|17|
4|182|18|
295|182|20|
210|182|22|
453|182|23|
377|182|24|
357|182|25|
43|182|26|
17|182|28|
63|182|29|
377|182|30|
119|182|31|
36|182|32|
46|182|33|
321|182|34|
57|182|35|
613|182|36|
70|182|39|
600|182|40|
96|182|41|
597|182|43|
256|182|44|
447|182|46|
306|182|47|
322|182|48|
337|182|49|
357|182|50|
280|182|51|
347|182|52|
490|182|56|
253|182|58|
333|182|59|
309|182|60|
210|182|61|
188|182|62|
403|182|64|
17|182|65|
297|182|66|
373|182|67|
343|182|68|
47|182|69|
22|182|70|
447|182|71|
217|182|72|
271|182|74|
380|182|75|
500|182|76|
177|182|77|
145|182|78|
220|182|79|
297|182|80|
427|182|81|
327|182|82|
292|182|83|
397|182|84|
306|182|85|
383|182|86|
206|182|88|
318|182|89|
417|182|90|
6|182|92|
274|182|94|
203|182|95|
47|182|96|
101|182|101|
72|182|102|
299|182|103|
265|182|104|
30|182|105|
477|182|106|
181|182|108|
410|182|109|
400|182|110|
207|182|114|
298|182|116|
91|182|117|
49|182|118|
319|182|119|
19|182|121|
397|182|122|
450|182|123|
400|182|124|
51|182|125|
94|182|126|
61|182|127|
360|182|129|
289|182|131|
357|182|134|
207|182|136|
221|182|137|
200|182|138|
413|182|139|
249|182|140|
250|182|142|
16|182|144|
216|182|145|
102|182|147|
350|182|148|
163|182|149|
67|182|152|
70|182|156|
360|182|158|
143|182|159|
279|182|161|
136|182|162|
453|182|163|
278|182|164|
390|182|165|
187|182|166|
318|182|167|
410|182|168|
413|182|169|
58|182|172|
117|182|173|
32|182|174|
99|182|175|
467|182|177|
249|182|178|
271|182|179|
18|182|182|
343|182|184|
427|182|185|
513|182|186|
308|182|187|
102|182|189|
367|182|190|
51|182|191|
173|182|192|
172|182|193|
212|182|194|
84|183|0|
151|183|1|
265|183|2|
97|183|4|
269|183|5|
367|183|6|
457|183|8|
380|183|9|
420|183|11|
79|183|13|
623|183|14|
347|183|17|
6|183|18|
267|183|20|
209|183|22|
430|183|23|
483|183|24|
357|183|25|
33|183|26|
18|183|28|
66|183|29|
383|183|30|
144|183|31|
31|183|32|
55|183|33|
308|183|34|
51|183|35|
627|183|36|
85|183|39|
560|183|40|
96|183|41|
623|183|43|
269|183|44|
447|183|46|
294|183|47|
332|183|48|
353|183|49|
353|183|50|
288|183|51|
337|183|52|
473|183|56|
254|183|58|
340|183|59|
327|183|60|
202|183|61|
241|183|62|
397|183|64|
11|183|65|
299|183|66|
353|183|67|
313|183|68|
53|183|69|
22|183|70|
500|183|71|
228|183|72|
288|183|74|
357|183|75|
513|183|76|
184|183|77|
142|183|78|
210|183|79|
296|183|80|
407|183|81|
331|183|82|
282|183|83|
407|183|84|
297|183|85|
360|183|86|
186|183|88|
244|183|89|
417|183|90|
8|183|92|
306|183|94|
177|183|95|
66|183|96|
91|183|101|
74|183|102|
350|183|103|
267|183|104|
28|183|105|
483|183|106|
197|183|108|
403|183|109|
367|183|110|
185|183|114|
309|183|116|
59|183|117|
53|183|118|
321|183|119|
16|183|121|
397|183|122|
403|183|123|
397|183|124|
61|183|125|
95|183|126|
55|183|127|
357|183|129|
273|183|131|
340|183|134|
209|183|136|
300|183|137|
219|183|138|
447|183|139|
237|183|140|
258|183|142|
14|183|144|
225|183|145|
105|183|147|
291|183|148|
147|183|149|
54|183|152|
83|183|156|
353|183|158|
166|183|159|
263|183|161|
165|183|162|
470|183|163|
269|183|164|
387|183|165|
192|183|166|
357|183|167|
427|183|168|
463|183|169|
56|183|172|
122|183|173|
31|183|174|
65|183|175|
480|183|177|
250|183|178|
265|183|179|
18|183|182|
360|183|184|
390|183|185|
520|183|186|
289|183|187|
127|183|189|
383|183|190|
62|183|191|
197|183|192|
163|183|193|
217|183|194|
79|184|0|
150|184|1|
263|184|2|
94|184|4|
249|184|5|
380|184|6|
470|184|8|
380|184|9|
450|184|11|
78|184|13|
553|184|14|
350|184|17|
15|184|18|
264|184|20|
207|184|22|
440|184|23|
443|184|24|
360|184|25|
39|184|26|
23|184|28|
46|184|29|
403|184|30|
135|184|31|
29|184|32|
44|184|33|
331|184|34|
57|184|35|
610|184|36|
86|184|39|
567|184|40|
87|184|41|
637|184|43|
291|184|44|
417|184|46|
280|184|47|
353|184|48|
370|184|49|
340|184|50|
303|184|51|
322|184|52|
467|184|56|
254|184|58|
323|184|59|
321|184|60|
205|184|61|
315|184|62|
380|184|64|
24|184|65|
310|184|66|
347|184|67|
333|184|68|
73|184|69|
22|184|70|
453|184|71|
191|184|72|
283|184|74|
343|184|75|
510|184|76|
220|184|77|
139|184|78|
252|184|79|
302|184|80|
423|184|81|
353|184|82|
273|184|83|
413|184|84|
302|184|85|
363|184|86|
224|184|88|
232|184|89|
407|184|90|
9|184|92|
340|184|94|
173|184|95|
62|184|96|
83|184|101|
79|184|102|
321|184|103|
269|184|104|
43|184|105|
450|184|106|
185|184|108|
440|184|109|
420|184|110|
188|184|114|
291|184|116|
54|184|117|
58|184|118|
321|184|119|
20|184|121|
337|184|122|
427|184|123|
397|184|124|
67|184|125|
60|184|126|
54|184|127|
377|184|129|
285|184|131|
347|184|134|
203|184|136|
240|184|137|
226|184|138|
447|184|139|
229|184|140|
263|184|142|
19|184|144|
193|184|145|
99|184|147|
277|184|148|
155|184|149|
49|184|152|
101|184|156|
360|184|158|
188|184|159|
236|184|161|
176|184|162|
467|184|163|
295|184|164|
387|184|165|
180|184|166|
333|184|167|
430|184|168|
440|184|169|
59|184|172|
132|184|173|
30|184|174|
88|184|175|
487|184|177|
244|184|178|
278|184|179|
15|184|182|
357|184|184|
390|184|185|
530|184|186|
296|184|187|
127|184|189|
377|184|190|
67|184|191|
223|184|192|
161|184|193|
208|184|194|
66|185|0|
149|185|1|
262|185|2|
98|185|4|
260|185|5|
383|185|6|
477|185|8|
367|185|9|
493|185|11|
71|185|13|
543|185|14|
347|185|17|
20|185|18|
237|185|20|
202|185|22|
423|185|23|
440|185|24|
353|185|25|
40|185|26|
20|185|28|
46|185|29|
407|185|30|
134|185|31|
37|185|32|
81|185|33|
306|185|34|
63|185|35|
623|185|36|
88|185|39|
623|185|40|
93|185|41|
597|185|43|
278|185|44|
420|185|46|
292|185|47|
367|185|48|
427|185|49|
340|185|50|
296|185|51|
322|185|52|
467|185|56|
286|185|58|
337|185|59|
319|185|60|
197|185|61|
275|185|62|
397|185|64|
24|185|65|
319|185|66|
307|185|67|
340|185|68|
89|185|69|
30|185|70|
387|185|71|
172|185|72|
278|185|74|
357|185|75|
493|185|76|
214|185|77|
131|185|78|
252|185|79|
309|185|80|
420|185|81|
360|185|82|
258|185|83|
393|185|84|
306|185|85|
377|185|86|
234|185|88|
296|185|89|
383|185|90|
8|185|92|
337|185|94|
132|185|95|
52|185|96|
93|185|101|
80|185|102|
343|185|103|
270|185|104|
44|185|105|
463|185|106|
192|185|108|
443|185|109|
413|185|110|
176|185|114|
283|185|116|
24|185|117|
62|185|118|
320|185|119|
28|185|121|
380|185|122|
433|185|123|
400|185|124|
62|185|125|
53|185|126|
53|185|127|
387|185|129|
261|185|131|
347|185|134|
214|185|136|
294|185|137|
230|185|138|
410|185|139|
236|185|140|
254|185|142|
16|185|144|
218|185|145|
114|185|147|
251|185|148|
99|185|149|
53|185|152|
80|185|156|
367|185|158|
196|185|159|
261|185|161|
214|185|162|
477|185|163|
316|185|164|
383|185|165|
183|185|166|
329|185|167|
420|185|168|
427|185|169|
58|185|172|
129|185|173|
36|185|174|
93|185|175|
463|185|177|
238|185|178|
257|185|179|
15|185|182|
343|185|184|
363|185|185|
533|185|186|
294|185|187|
146|185|189|
367|185|190|
70|185|191|
220|185|192|
158|185|193|
208|185|194|
68|186|0|
161|186|1|
276|186|2|
97|186|4|
264|186|5|
390|186|6|
460|186|8|
373|186|9|
397|186|11|
81|186|13|
547|186|14|
343|186|17|
23|186|18|
248|186|20|
208|186|22|
450|186|23|
340|186|24|
363|186|25|
38|186|26|
24|186|28|
53|186|29|
423|186|30|
139|186|31|
40|186|32|
59|186|33|
329|186|34|
58|186|35|
610|186|36|
80|186|39|
600|186|40|
109|186|41|
603|186|43|
281|186|44|
413|186|46|
305|186|47|
387|186|48|
403|186|49|
357|186|50|
289|186|51|
319|186|52|
473|186|56|
247|186|58|
310|186|59|
310|186|60|
208|186|61|
417|186|62|
410|186|64|
24|186|65|
317|186|66|
337|186|67|
360|186|68|
113|186|69|
28|186|70|
430|186|71|
157|186|72|
277|186|74|
360|186|75|
510|186|76|
190|186|77|
131|186|78|
242|186|79|
350|186|80|
417|186|81|
373|186|82|
262|186|83|
410|186|84|
312|186|85|
387|186|86|
251|186|88|
290|186|89|
377|186|90|
7|186|92|
308|186|94|
143|186|95|
64|186|96|
88|186|101|
87|186|102|
347|186|103|
319|186|104|
60|186|105|
453|186|106|
216|186|108|
500|186|109|
420|186|110|
211|186|114|
285|186|116|
30|186|117|
66|186|118|
316|186|119|
40|186|121|
383|186|122|
487|186|123|
393|186|124|
63|186|125|
57|186|126|
46|186|127|
377|186|129|
282|186|131|
333|186|134|
267|186|136|
311|186|137|
198|186|138|
407|186|139|
252|186|140|
232|186|142|
16|186|144|
213|186|145|
103|186|147|
238|186|148|
113|186|149|
45|186|152|
99|186|156|
360|186|158|
222|186|159|
244|186|161|
213|186|162|
487|186|163|
333|186|164|
390|186|165|
184|186|166|
324|186|167|
400|186|168|
450|186|169|
56|186|172|
130|186|173|
43|186|174|
100|186|175|
500|186|177|
241|186|178|
277|186|179|
22|186|182|
353|186|184|
373|186|185|
540|186|186|
251|186|187|
117|186|189|
383|186|190|
59|186|191|
219|186|192|
144|186|193|
210|186|194|
69|187|0|
159|187|1|
300|187|2|
95|187|4|
232|187|5|
363|187|6|
440|187|8|
373|187|9|
383|187|11|
79|187|13|
517|187|14|
347|187|17|
22|187|18|
248|187|20|
220|187|22|
443|187|23|
380|187|24|
357|187|25|
36|187|26|
18|187|28|
57|187|29|
427|187|30|
148|187|31|
41|187|32|
42|187|33|
343|187|34|
64|187|35|
667|187|36|
79|187|39|
590|187|40|
106|187|41|
630|187|43|
274|187|44|
420|187|46|
283|187|47|
413|187|48|
370|187|49|
291|187|50|
280|187|51|
327|187|52|
457|187|56|
215|187|58|
323|187|59|
337|187|60|
203|187|61|
457|187|62|
397|187|64|
70|187|65|
323|187|66|
363|187|67|
363|187|68|
107|187|69|
18|187|70|
560|187|71|
141|187|72|
270|187|74|
403|187|75|
533|187|76|
163|187|77|
132|187|78|
233|187|79|
343|187|80|
363|187|81|
380|187|82|
262|187|83|
443|187|84|
311|187|85|
390|187|86|
215|187|88|
271|187|89|
373|187|90|
8|187|92|
319|187|94|
150|187|95|
66|187|96|
86|187|101|
95|187|102|
306|187|103|
317|187|104|
54|187|105|
477|187|106|
222|187|108|
443|187|109|
403|187|110|
195|187|114|
284|187|116|
39|187|117|
65|187|118|
310|187|119|
27|187|121|
387|187|122|
510|187|123|
373|187|124|
63|187|125|
75|187|126|
49|187|127|
380|187|129|
308|187|131|
328|187|134|
210|187|136|
320|187|137|
241|187|138|
457|187|139|
252|187|140|
223|187|142|
17|187|144|
210|187|145|
101|187|147|
249|187|148|
106|187|149|
47|187|152|
95|187|156|
353|187|158|
236|187|159|
252|187|161|
200|187|162|
470|187|163|
347|187|164|
393|187|165|
190|187|166|
287|187|167|
387|187|168|
440|187|169|
45|187|172|
151|187|173|
42|187|174|
52|187|175|
520|187|177|
245|187|178|
302|187|179|
37|187|182|
373|187|184|
377|187|185|
557|187|186|
254|187|187|
102|187|189|
383|187|190|
62|187|191|
255|187|192|
161|187|193|
201|187|194|
69|188|0|
161|188|1|
254|188|2|
93|188|4|
281|188|5|
337|188|6|
443|188|8|
397|188|9|
443|188|11|
80|188|13|
550|188|14|
350|188|17|
26|188|18|
253|188|20|
225|188|22|
433|188|23|
363|188|24|
357|188|25|
27|188|26|
21|188|28|
56|188|29|
390|188|30|
144|188|31|
59|188|32|
45|188|33|
337|188|34|
72|188|35|
603|188|36|
84|188|39|
573|188|40|
111|188|41|
553|188|43|
221|188|44|
403|188|46|
285|188|47|
420|188|48|
302|188|49|
284|188|50|
286|188|51|
353|188|52|
450|188|56|
236|188|58|
353|188|59|
330|188|60|
198|188|61|
413|188|62|
400|188|64|
74|188|65|
316|188|66|
377|188|67|
347|188|68|
67|188|69|
30|188|70|
503|188|71|
134|188|72|
317|188|74|
343|188|75|
540|188|76|
163|188|77|
131|188|78|
214|188|79|
318|188|80|
363|188|81|
373|188|82|
263|188|83|
467|188|84|
315|188|85|
387|188|86|
201|188|88|
279|188|89|
343|188|90|
11|188|92|
357|188|94|
148|188|95|
77|188|96|
81|188|101|
110|188|102|
363|188|103|
292|188|104|
58|188|105|
473|188|106|
253|188|108|
483|188|109|
407|188|110|
203|188|114|
301|188|116|
38|188|117|
65|188|118|
304|188|119|
33|188|121|
457|188|122|
483|188|123|
327|188|124|
58|188|125|
45|188|126|
44|188|127|
340|188|129|
256|188|131|
327|188|134|
221|188|136|
329|188|137|
203|188|138|
460|188|139|
258|188|140|
229|188|142|
18|188|144|
203|188|145|
102|188|147|
254|188|148|
93|188|149|
51|188|152|
92|188|156|
353|188|158|
265|188|159|
249|188|161|
185|188|162|
460|188|163|
343|188|164|
387|188|165|
178|188|166|
302|188|167|
397|188|168|
477|188|169|
43|188|172|
150|188|173|
41|188|174|
57|188|175|
527|188|177|
258|188|178|
276|188|179|
21|188|182|
350|188|184|
380|188|185|
563|188|186|
240|188|187|
123|188|189|
407|188|190|
52|188|191|
263|188|192|
153|188|193|
202|188|194|
48|189|0|
163|189|1|
273|189|2|
106|189|4|
290|189|5|
337|189|6|
457|189|8|
387|189|9|
467|189|11|
78|189|13|
500|189|14|
360|189|17|
26|189|18|
253|189|20|
218|189|22|
440|189|23|
357|189|24|
343|189|25|
30|189|26|
15|189|28|
52|189|29|
377|189|30|
153|189|31|
59|189|32|
64|189|33|
353|189|34|
62|189|35|
600|189|36|
86|189|39|
537|189|40|
106|189|41|
560|189|43|
251|189|44|
387|189|46|
285|189|47|
427|189|48|
314|189|49|
276|189|50|
282|189|51|
333|189|52|
440|189|56|
246|189|58|
373|189|59|
327|189|60|
193|189|61|
430|189|62|
387|189|64|
61|189|65|
337|189|66|
393|189|67|
357|189|68|
90|189|69|
30|189|70|
433|189|71|
144|189|72|
328|189|74|
400|189|75|
523|189|76|
183|189|77|
130|189|78|
234|189|79|
324|189|80|
370|189|81|
390|189|82|
266|189|83|
520|189|84|
321|189|85|
393|189|86|
218|189|88|
268|189|89|
343|189|90|
19|189|92|
360|189|94|
153|189|95|
64|189|96|
77|189|101|
107|189|102|
329|189|103|
340|189|104|
92|189|105|
470|189|106|
261|189|108|
493|189|109|
437|189|110|
203|189|114|
281|189|116|
30|189|117|
63|189|118|
306|189|119|
28|189|121|
483|189|122|
473|189|123|
350|189|124|
57|189|125|
42|189|126|
40|189|127|
370|189|129|
284|189|131|
308|189|134|
216|189|136|
274|189|137|
239|189|138|
467|189|139|
275|189|140|
233|189|142|
18|189|144|
223|189|145|
109|189|147|
253|189|148|
111|189|149|
45|189|152|
78|189|156|
347|189|158|
289|189|159|
245|189|161|
208|189|162|
377|189|163|
343|189|164|
387|189|165|
165|189|166|
330|189|167|
397|189|168|
457|189|169|
43|189|172|
163|189|173|
33|189|174|
55|189|175|
473|189|177|
252|189|178|
288|189|179|
27|189|182|
324|189|184|
383|189|185|
560|189|186|
217|189|187|
96|189|189|
331|189|190|
62|189|191|
200|189|192|
153|189|193|
199|189|194|
33|190|0|
166|190|1|
264|190|2|
109|190|4|
301|190|5|
383|190|6|
457|190|8|
400|190|9|
450|190|11|
75|190|13|
473|190|14|
367|190|17|
27|190|18|
270|190|20|
217|190|22|
440|190|23|
323|190|24|
262|190|25|
32|190|26|
21|190|28|
60|190|29|
390|190|30|
154|190|31|
66|190|32|
80|190|33|
353|190|34|
62|190|35|
577|190|36|
88|190|39|
550|190|40|
95|190|41|
543|190|43|
307|190|44|
407|190|46|
278|190|47|
440|190|48|
254|190|49|
252|190|50|
289|190|51|
331|190|52|
353|190|56|
252|190|58|
387|190|59|
329|190|60|
174|190|61|
427|190|62|
322|190|64|
54|190|65|
291|190|66|
400|190|67|
390|190|68|
82|190|69|
19|190|70|
387|190|71|
150|190|72|
360|190|74|
397|190|75|
510|190|76|
187|190|77|
128|190|78|
239|190|79|
240|190|80|
433|190|81|
393|190|82|
277|190|83|
473|190|84|
312|190|85|
387|190|86|
194|190|88|
272|190|89|
263|190|90|
20|190|92|
353|190|94|
156|190|95|
42|190|96|
74|190|101|
121|190|102|
340|190|103|
377|190|104|
84|190|105|
433|190|106|
253|190|108|
407|190|109|
470|190|110|
217|190|114|
284|190|116|
33|190|117|
71|190|118|
309|190|119|
33|190|121|
517|190|122|
473|190|123|
234|190|124|
51|190|125|
42|190|126|
37|190|127|
377|190|129|
225|190|130|
265|190|131|
289|190|134|
200|190|136|
233|190|137|
249|190|138|
440|190|139|
252|190|140|
233|190|142|
15|190|144|
201|190|145|
146|190|147|
248|190|148|
148|190|149|
45|190|152|
91|190|156|
333|190|158|
294|190|159|
254|190|161|
172|190|162|
370|190|163|
340|190|164|
387|190|165|
155|190|166|
330|190|167|
393|190|168|
467|190|169|
41|190|172|
173|190|173|
32|190|174|
40|190|175|
490|190|177|
259|190|178|
297|190|179|
29|190|182|
325|190|184|
380|190|185|
577|190|186|
231|190|187|
89|190|189|
350|190|190|
46|190|191|
198|190|192|
155|190|193|
192|190|194|
32|191|0|
167|191|1|
254|191|2|
105|191|4|
304|191|5|
380|191|6|
443|191|8|
400|191|9|
413|191|11|
67|191|13|
413|191|14|
370|191|17|
43|191|18|
244|191|20|
251|191|22|
433|191|23|
363|191|24|
243|191|25|
35|191|26|
25|191|28|
58|191|29|
383|191|30|
160|191|31|
57|191|32|
52|191|33|
353|191|34|
71|191|35|
593|191|36|
84|191|39|
547|191|40|
96|191|41|
540|191|43|
325|191|44|
437|191|46|
272|191|47|
430|191|48|
311|191|49|
251|191|50|
287|191|51|
343|191|52|
357|191|56|
254|191|58|
370|191|59|
332|191|60|
136|191|61|
423|191|62|
400|191|64|
57|191|65|
280|191|66|
393|191|67|
390|191|68|
90|191|69|
22|191|70|
298|191|71|
175|191|72|
323|191|74|
363|191|75|
520|191|76|
191|191|77|
127|191|78|
246|191|79|
155|191|80|
397|191|81|
397|191|82|
283|191|83|
470|191|84|
299|191|85|
387|191|86|
185|191|88|
340|191|89|
230|191|90|
26|191|92|
380|191|94|
153|191|95|
40|191|96|
75|191|101|
137|191|102|
350|191|103|
377|191|104|
106|191|105|
437|191|106|
257|191|108|
390|191|109|
440|191|110|
162|191|114|
282|191|116|
31|191|117|
71|191|118|
311|191|119|
36|191|121|
553|191|122|
473|191|123|
213|191|124|
40|191|125|
55|191|126|
42|191|127|
383|191|129|
229|191|130|
259|191|131|
318|191|134|
202|191|136|
246|191|137|
237|191|138|
353|191|139|
280|191|140|
235|191|142|
16|191|144|
252|191|145|
142|191|147|
251|191|148|
141|191|149|
47|191|152|
63|191|156|
326|191|158|
306|191|159|
252|191|161|
226|191|162|
373|191|163|
331|191|164|
397|191|165|
148|191|166|
333|191|167|
397|191|168|
410|191|169|
57|191|172|
166|191|173|
31|191|174|
39|191|175|
477|191|177|
261|191|178|
296|191|179|
33|191|182|
326|191|184|
373|191|185|
583|191|186|
301|191|187|
92|191|189|
319|191|190|
53|191|191|
188|191|192|
152|191|193|
186|191|194|
36|192|0|
171|192|1|
240|192|2|
95|192|4|
306|192|5|
387|192|6|
205|192|7|
463|192|8|
400|192|9|
125|192|10|
397|192|11|
67|192|13|
457|192|14|
337|192|15|
380|192|17|
40|192|18|
254|192|20|
92|192|21|
265|192|22|
457|192|23|
393|192|24|
300|192|25|
36|192|26|
35|192|28|
61|192|29|
400|192|30|
169|192|31|
59|192|32|
49|192|33|
397|192|34|
63|192|35|
610|192|36|
62|192|39|
553|192|40|
100|192|41|
410|192|42|
537|192|43|
328|192|44|
450|192|46|
270|192|47|
423|192|48|
340|192|49|
257|192|50|
283|192|51|
333|192|52|
177|192|55|
373|192|56|
254|192|58|
397|192|59|
343|192|60|
134|192|61|
340|192|62|
109|192|63|
420|192|64|
78|192|65|
297|192|66|
390|192|67|
393|192|68|
93|192|69|
16|192|70|
243|192|71|
168|192|72|
333|192|74|
413|192|75|
520|192|76|
193|192|77|
125|192|78|
253|192|79|
162|192|80|
437|192|81|
400|192|82|
282|192|83|
463|192|84|
296|192|85|
373|192|86|
204|192|87|
176|192|88|
318|192|89|
246|192|90|
244|192|91|
20|192|92|
367|192|93|
433|192|94|
156|192|95|
40|192|96|
259|192|99|
74|192|101|
135|192|102|
350|192|103|
367|192|104|
91|192|105|
443|192|106|
214|192|108|
387|192|109|
443|192|110|
228|192|112|
97|192|114|
306|192|116|
38|192|117|
68|192|118|
315|192|119|
37|192|121|
520|192|122|
470|192|123|
264|192|124|
33|192|125|
57|192|126|
38|192|127|
200|192|128|
393|192|129|
233|192|130|
250|192|131|
282|192|134|
208|192|136|
226|192|137|
246|192|138|
363|192|139|
277|192|140|
244|192|142|
310|192|143|
16|192|144|
206|192|145|
138|192|147|
259|192|148|
124|192|149|
48|192|152|
140|192|155|
74|192|156|
318|192|158|
307|192|159|
264|192|161|
222|192|162|
380|192|163|
343|192|164|
410|192|165|
135|192|166|
337|192|167|
403|192|168|
447|192|169|
102|192|171|
59|192|172|
199|192|173|
31|192|174|
34|192|175|
440|192|177|
286|192|178|
294|192|179|
208|192|180|
37|192|182|
480|192|183|
301|192|184|
367|192|185|
590|192|186|
324|192|187|
117|192|188|
106|192|189|
357|192|190|
50|192|191|
191|192|192|
150|192|193|
190|192|194|
30|193|0|
254|193|1|
248|193|2|
84|193|4|
274|193|5|
390|193|6|
210|193|7|
420|193|8|
387|193|9|
103|193|10|
373|193|11|
69|193|13|
420|193|14|
323|193|15|
390|193|17|
51|193|18|
258|193|20|
85|193|21|
228|193|22|
460|193|23|
383|193|24|
291|193|25|
36|193|26|
14|193|28|
63|193|29|
417|193|30|
168|193|31|
56|193|32|
56|193|33|
393|193|34|
47|193|35|
597|193|36|
60|193|39|
553|193|40|
96|193|41|
377|193|42|
533|193|43|
347|193|44|
373|193|45|
470|193|46|
264|193|47|
440|193|48|
363|193|49|
243|193|50|
267|193|51|
340|193|52|
194|193|55|
350|193|56|
34|193|57|
245|193|58|
400|193|59|
337|193|60|
156|193|61|
343|193|62|
112|193|63|
390|193|64|
75|193|65|
281|193|66|
393|193|67|
400|193|68|
92|193|69|
17|193|70|
287|193|71|
151|193|72|
353|193|74|
367|193|75|
520|193|76|
173|193|77|
128|193|78|
255|193|79|
157|193|80|
450|193|81|
390|193|82|
279|193|83|
483|193|84|
291|193|85|
370|193|86|
184|193|87|
162|193|88|
329|193|89|
284|193|90|
144|193|91|
26|193|92|
407|193|93|
410|193|94|
153|193|95|
51|193|96|
270|193|99|
80|193|101|
122|193|102|
373|193|103|
423|193|104|
76|193|105|
443|193|106|
264|193|108|
350|193|109|
450|193|110|
218|193|112|
116|193|114|
323|193|116|
46|193|117|
66|193|118|
315|193|119|
43|193|121|
500|193|122|
450|193|123|
263|193|124|
32|193|125|
60|193|126|
44|193|127|
218|193|128|
400|193|129|
224|193|130|
253|193|131|
307|193|134|
221|193|136|
194|193|137|
255|193|138|
413|193|139|
287|193|140|
237|193|142|
323|193|143|
18|193|144|
227|193|145|
140|193|147|
253|193|148|
124|193|149|
48|193|152|
314|193|154|
183|193|155|
80|193|156|
312|193|158|
291|193|159|
259|193|161|
173|193|162|
377|193|163|
337|193|164|
407|193|165|
132|193|166|
331|193|167|
420|193|168|
457|193|169|
99|193|171|
56|193|172|
208|193|173|
30|193|174|
18|193|175|
453|193|177|
274|193|178|
297|193|179|
153|193|180|
36|193|182|
413|193|183|
337|193|184|
331|193|185|
603|193|186|
309|193|187|
122|193|188|
84|193|189|
350|193|190|
55|193|191|
188|193|192|
148|193|193|
188|193|194|
27|194|0|
325|194|1|
237|194|2|
69|194|4|
289|194|5|
417|194|6|
201|194|7|
407|194|8|
450|194|9|
109|194|10|
363|194|11|
67|194|13|
460|194|14|
268|194|15|
417|194|17|
76|194|18|
256|194|20|
97|194|21|
221|194|22|
473|194|23|
387|194|24|
274|194|25|
32|194|26|
19|194|28|
58|194|29|
423|194|30|
173|194|31|
68|194|32|
52|194|33|
397|194|34|
52|194|35|
593|194|36|
68|194|39|
547|194|40|
95|194|41|
427|194|42|
503|194|43|
353|194|44|
360|194|45|
473|194|46|
266|194|47|
447|194|48|
367|194|49|
246|194|50|
262|194|51|
309|194|52|
262|194|55|
347|194|56|
29|194|57|
239|194|58|
367|194|59|
337|194|60|
145|194|61|
340|194|62|
94|194|63|
370|194|64|
57|194|65|
289|194|66|
387|194|67|
417|194|68|
90|194|69|
34|194|70|
285|194|71|
145|194|72|
353|194|74|
360|194|75|
543|194|76|
191|194|77|
141|194|78|
260|194|79|
158|194|80|
450|194|81|
400|194|82|
275|194|83|
480|194|84|
288|194|85|
360|194|86|
194|194|87|
167|194|88|
326|194|89|
340|194|90|
158|194|91|
33|194|92|
403|194|93|
440|194|94|
150|194|95|
49|194|96|
232|194|99|
80|194|101|
138|194|102|
400|194|103|
433|194|104|
116|194|105|
450|194|106|
222|194|108|
350|194|109|
440|194|110|
247|194|112|
109|194|114|
323|194|116|
53|194|117|
64|194|118|
321|194|119|
24|194|121|
460|194|122|
480|194|123|
305|194|124|
26|194|125|
47|194|126|
32|194|127|
315|194|128|
403|194|129|
223|194|130|
256|194|131|
326|194|134|
230|194|136|
165|194|137|
263|194|138|
393|194|139|
289|194|140|
244|194|142|
321|194|143|
16|194|144|
216|194|145|
148|194|147|
248|194|148|
160|194|149|
47|194|152|
325|194|154|
156|194|155|
88|194|156|
310|194|158|
281|194|159|
267|194|161|
235|194|162|
390|194|163|
340|194|164|
397|194|165|
130|194|166|
347|194|167|
447|194|168|
413|194|169|
108|194|171|
51|194|172|
223|194|173|
35|194|174|
15|194|175|
490|194|177|
268|194|178|
283|194|179|
141|194|180|
51|194|182|
353|194|183|
322|194|184|
360|194|185|
610|194|186|
302|194|187|
92|194|188|
102|194|189|
360|194|190|
71|194|191|
187|194|192|
135|194|193|
189|194|194|
28|195|0|
181|195|1|
235|195|2|
78|195|4|
298|195|5|
430|195|6|
205|195|7|
440|195|8|
437|195|9|
117|195|10|
427|195|11|
65|195|13|
457|195|14|
350|195|15|
420|195|17|
73|195|18|
254|195|20|
96|195|21|
209|195|22|
480|195|23|
380|195|24|
277|195|25|
30|195|26|
18|195|28|
61|195|29|
433|195|30|
179|195|31|
71|195|32|
62|195|33|
407|195|34|
60|195|35|
593|195|36|
75|195|39|
540|195|40|
91|195|41|
437|195|42|
533|195|43|
390|195|44|
423|195|45|
460|195|46|
270|195|47|
417|195|48|
363|195|49|
234|195|50|
265|195|51|
326|195|52|
226|195|55|
317|195|56|
31|195|57|
236|195|58|
367|195|59|
340|195|60|
148|195|61|
350|195|62|
135|195|63|
403|195|64|
75|195|65|
286|195|66|
370|195|67|
410|195|68|
96|195|69|
21|195|70|
350|195|71|
187|195|72|
360|195|74|
390|195|75|
553|195|76|
193|195|77|
143|195|78|
245|195|79|
129|195|80|
420|195|81|
413|195|82|
277|195|83|
363|195|84|
281|195|85|
313|195|86|
192|195|87|
167|195|88|
327|195|89|
373|195|90|
137|195|91|
36|195|92|
265|195|93|
427|195|94|
148|195|95|
51|195|96|
253|195|99|
79|195|101|
149|195|102|
457|195|103|
390|195|104|
91|195|105|
470|195|106|
292|195|108|
380|195|109|
433|195|110|
227|195|112|
91|195|114|
316|195|116|
51|195|117|
64|195|118|
312|195|119|
32|195|121|
443|195|122|
423|195|123|
310|195|124|
55|195|125|
74|195|126|
21|195|127|
326|195|128|
403|195|129|
219|195|130|
275|195|131|
257|195|134|
232|195|136|
133|195|137|
255|195|138|
377|195|139|
265|195|140|
234|195|142|
331|195|143|
15|195|144|
204|195|145|
142|195|147|
257|195|148|
164|195|149|
41|195|152|
390|195|154|
178|195|155|
59|195|156|
303|195|158|
288|195|159|
268|195|161|
172|195|162|
453|195|163|
350|195|164|
383|195|165|
127|195|166|
363|195|167|
390|195|168|
443|195|169|
121|195|171|
57|195|172|
249|195|173|
34|195|174|
25|195|175|
537|195|177|
265|195|178|
279|195|179|
136|195|180|
61|195|182|
340|195|183|
347|195|184|
347|195|185|
610|195|186|
302|195|187|
101|195|188|
114|195|189|
363|195|190|
79|195|191|
184|195|192|
137|195|193|
205|195|194|
24|196|0|
210|196|1|
240|196|2|
87|196|4|
294|196|5|
413|196|6|
205|196|7|
413|196|8|
437|196|9|
127|196|10|
453|196|11|
63|196|13|
523|196|14|
357|196|15|
403|196|17|
48|196|18|
252|196|20|
110|196|21|
203|196|22|
470|196|23|
343|196|24|
258|196|25|
47|196|26|
35|196|28|
64|196|29|
453|196|30|
174|196|31|
57|196|32|
80|196|33|
413|196|34|
68|196|35|
567|196|36|
71|196|39|
530|196|40|
81|196|41|
420|196|42|
557|196|43|
328|196|44|
470|196|45|
440|196|46|
253|196|47|
393|196|48|
360|196|49|
192|196|50|
266|196|51|
353|196|52|
308|196|55|
327|196|56|
35|196|57|
228|196|58|
347|196|59|
353|196|60|
156|196|61|
328|196|62|
243|196|63|
367|196|64|
45|196|65|
279|196|66|
377|196|67|
380|196|68|
98|196|69|
48|196|70|
347|196|71|
172|196|72|
367|196|74|
417|196|75|
530|196|76|
190|196|77|
143|196|78|
243|196|79|
111|196|80|
367|196|81|
457|196|82|
281|196|83|
467|196|84|
281|196|85|
319|196|86|
176|196|87|
149|196|88|
331|196|89|
377|196|90|
146|196|91|
34|196|92|
383|196|93|
433|196|94|
143|196|95|
38|196|96|
234|196|99|
79|196|101|
141|196|102|
497|196|103|
353|196|104|
133|196|105|
473|196|106|
267|196|108|
367|196|109|
437|196|110|
241|196|112|
93|196|114|
305|196|116|
50|196|117|
80|196|118|
274|196|119|
36|196|121|
427|196|122|
457|196|123|
329|196|124|
55|196|125|
57|196|126|
20|196|127|
340|196|128|
400|196|129|
242|196|130|
279|196|131|
264|196|134|
229|196|136|
144|196|137|
286|196|138|
393|196|139|
289|196|140|
246|196|142|
343|196|143|
17|196|144|
219|196|145|
152|196|147|
262|196|148|
162|196|149|
35|196|152|
390|196|154|
175|196|155|
78|196|156|
301|196|158|
292|196|159|
268|196|161|
221|196|162|
460|196|163|
343|196|164|
377|196|165|
123|196|166|
443|196|167|
410|196|168|
480|196|169|
131|196|171|
74|196|172|
257|196|173|
35|196|174|
39|196|175|
563|196|177|
277|196|178|
289|196|179|
156|196|180|
57|196|182|
350|196|183|
347|196|184|
360|196|185|
620|196|186|
305|196|187|
141|196|188|
143|196|189|
367|196|190|
78|196|191|
211|196|192|
117|196|193|
216|196|194|
26|197|0|
206|197|1|
254|197|2|
106|197|4|
286|197|5|
407|197|6|
202|197|7|
447|197|8|
427|197|9|
138|197|10|
407|197|11|
75|197|13|
533|197|14|
383|197|15|
403|197|17|
43|197|18|
250|197|20|
141|197|21|
220|197|22|
460|197|23|
333|197|24|
265|197|25|
50|197|26|
48|197|28|
83|197|29|
470|197|30|
181|197|31|
80|197|32|
61|197|33|
420|197|34|
76|197|35|
573|197|36|
57|197|39|
523|197|40|
80|197|41|
377|197|42|
610|197|43|
317|197|44|
433|197|45|
487|197|46|
250|197|47|
407|197|48|
350|197|49|
187|197|50|
278|197|51|
383|197|52|
343|197|55|
272|197|56|
37|197|57|
234|197|58|
350|197|59|
357|197|60|
157|197|61|
327|197|62|
270|197|63|
383|197|64|
20|197|65|
248|197|66|
347|197|67|
377|197|68|
102|197|69|
56|197|70|
337|197|71|
170|197|72|
367|197|74|
417|197|75|
553|197|76|
208|197|77|
150|197|78|
243|197|79|
138|197|80|
367|197|81|
467|197|82|
294|197|83|
433|197|84|
276|197|85|
357|197|86|
181|197|87|
138|197|88|
360|197|89|
390|197|90|
166|197|91|
33|197|92|
337|197|93|
447|197|94|
142|197|95|
45|197|96|
313|197|99|
75|197|101|
143|197|102|
443|197|103|
343|197|104|
95|197|105|
473|197|106|
272|197|108|
357|197|109|
410|197|110|
227|197|112|
104|197|114|
327|197|116|
51|197|117|
95|197|118|
244|197|119|
45|197|121|
430|197|122|
480|197|123|
318|197|124|
62|197|125|
66|197|126|
20|197|127|
337|197|128|
420|197|129|
244|197|130|
265|197|131|
276|197|134|
223|197|136|
141|197|137|
260|197|138|
397|197|139|
286|197|140|
196|197|142|
347|197|143|
33|197|144|
200|197|145|
130|197|147|
266|197|148|
175|197|149|
32|197|152|
393|197|154|
194|197|155|
78|197|156|
301|197|158|
309|197|159|
269|197|161|
259|197|162|
437|197|163|
347|197|164|
397|197|165|
107|197|166|
437|197|167|
400|197|168|
470|197|169|
135|197|171|
67|197|172|
264|197|173|
36|197|174|
30|197|175|
600|197|177|
275|197|178|
310|197|179|
145|197|180|
65|197|182|
331|197|183|
329|197|184|
360|197|185|
643|197|186|
324|197|187|
132|197|188|
140|197|189|
350|197|190|
83|197|191|
219|197|192|
135|197|193|
245|197|194|
28|198|0|
190|198|1|
175|198|2|
97|198|4|
298|198|5|
400|198|6|
232|198|7|
440|198|8|
423|198|9|
136|198|10|
410|198|11|
69|198|13|
487|198|14|
410|198|15|
403|198|17|
43|198|18|
246|198|20|
132|198|21|
220|198|22|
453|198|23|
266|198|24|
257|198|25|
45|198|26|
56|198|28|
69|198|29|
473|198|30|
178|198|31|
81|198|32|
74|198|33|
427|198|34|
74|198|35|
577|198|36|
78|198|39|
527|198|40|
85|198|41|
380|198|42|
590|198|43|
317|198|44|
427|198|45|
463|198|46|
254|198|47|
407|198|48|
326|198|49|
190|198|50|
264|198|51|
393|198|52|
337|198|55|
321|198|56|
37|198|57|
240|198|58|
337|198|59|
367|198|60|
167|198|61|
317|198|62|
251|198|63|
373|198|64|
40|198|65|
290|198|66|
333|198|67|
380|198|68|
103|198|69|
33|198|70|
318|198|71|
178|198|72|
373|198|74|
437|198|75|
533|198|76|
210|198|77|
150|198|78|
242|198|79|
141|198|80|
353|198|81|
473|198|82|
297|198|83|
457|198|84|
280|198|85|
347|198|86|
186|198|87|
164|198|88|
377|198|89|
390|198|90|
262|198|91|
37|198|92|
323|198|93|
463|198|94|
141|198|95|
54|198|96|
350|198|99|
79|198|101|
124|198|102|
430|198|103|
306|198|104|
129|198|105|
467|198|106|
292|198|108|
350|198|109|
423|198|110|
224|198|112|
101|198|114|
332|198|116|
53|198|117|
92|198|118|
225|198|119|
41|198|121|
427|198|122|
483|198|123|
333|198|124|
63|198|125|
73|198|126|
16|198|127|
353|198|128|
417|198|129|
231|198|130|
237|198|131|
293|198|134|
223|198|136|
170|198|137|
251|198|138|
400|198|139|
289|198|140|
204|198|142|
360|198|143|
32|198|144|
218|198|145|
122|198|147|
265|198|148|
140|198|149|
49|198|152|
370|198|154|
195|198|155|
75|198|156|
301|198|158|
269|198|159|
272|198|161|
286|198|162|
430|198|163|
350|198|164|
397|198|165|
122|198|166|
447|198|167|
420|198|168|
443|198|169|
119|198|171|
63|198|172|
278|198|173|
35|198|174|
37|198|175|
557|198|177|
276|198|178|
307|198|179|
148|198|180|
64|198|182|
340|198|183|
323|198|184|
343|198|185|
647|198|186|
350|198|187|
180|198|188|
137|198|189|
343|198|190|
84|198|191|
218|198|192|
105|198|193|
245|198|194|
30|199|0|
188|199|1|
196|199|2|
116|199|4|
292|199|5|
437|199|6|
227|199|7|
400|199|8|
423|199|9|
113|199|10|
410|199|11|
62|199|13|
500|199|14|
340|199|15|
410|199|17|
54|199|18|
246|199|20|
130|199|21|
221|199|22|
357|199|23|
292|199|24|
271|199|25|
47|199|26|
62|199|28|
64|199|29|
447|199|30|
199|199|31|
70|199|32|
57|199|33|
437|199|34|
57|199|35|
597|199|36|
81|199|39|
527|199|40|
83|199|41|
347|199|42|
623|199|43|
319|199|44|
403|199|45|
453|199|46|
245|199|47|
390|199|48|
332|199|49|
178|199|50|
270|199|51|
387|199|52|
463|199|55|
373|199|56|
38|199|57|
264|199|58|
333|199|59|
373|199|60|
163|199|61|
295|199|62|
252|199|63|
377|199|64|
54|199|65|
295|199|66|
329|199|67|
397|199|68|
103|199|69|
42|199|70|
315|199|71|
219|199|72|
370|199|74|
397|199|75|
513|199|76|
208|199|77|
141|199|78|
243|199|79|
157|199|80|
370|199|81|
480|199|82|
269|199|83|
463|199|84|
274|199|85|
347|199|86|
190|199|87|
164|199|88|
393|199|89|
377|199|90|
247|199|91|
43|199|92|
290|199|93|
470|199|94|
143|199|95|
42|199|96|
325|199|99|
77|199|101|
113|199|102|
430|199|103|
289|199|104|
126|199|105|
483|199|106|
299|199|108|
343|199|109|
427|199|110|
221|199|112|
86|199|114|
304|199|116|
55|199|117|
100|199|118|
209|199|119|
45|199|121|
423|199|122|
493|199|123|
327|199|124|
58|199|125|
74|199|126|
22|199|127|
350|199|128|
423|199|129|
194|199|130|
236|199|131|
267|199|134|
244|199|136|
163|199|137|
253|199|138|
397|199|139|
298|199|140|
207|199|142|
373|199|143|
24|199|144|
237|199|145|
130|199|147|
272|199|148|
133|199|149|
47|199|152|
331|199|154|
183|199|155|
78|199|156|
298|199|158|
303|199|159|
271|199|161|
248|199|162|
430|199|163|
360|199|164|
403|199|165|
124|199|166|
407|199|167|
427|199|168|
460|199|169|
117|199|171|
73|199|172|
262|199|173|
36|199|174|
37|199|175|
553|199|177|
281|199|178|
271|199|179|
122|199|180|
65|199|182|
357|199|183|
309|199|184|
363|199|185|
627|199|186|
322|199|187|
151|199|188|
137|199|189|
337|199|190|
101|199|191|
211|199|192|
103|199|193|
249|199|194|
29|200|0|
211|200|1|
262|200|2|
88|200|4|
289|200|5|
437|200|6|
223|200|7|
410|200|8|
423|200|9|
100|200|10|
403|200|11|
60|200|13|
497|200|14|
357|200|15|
503|200|16|
407|200|17|
43|200|18|
253|200|20|
123|200|21|
218|200|22|
363|200|23|
299|200|24|
264|200|25|
31|200|26|
77|200|28|
80|200|29|
463|200|30|
218|200|31|
92|200|32|
67|200|33|
417|200|34|
52|200|35|
573|200|36|
91|200|39|
517|200|40|
74|200|41|
417|200|42|
600|200|43|
332|200|44|
403|200|45|
490|200|46|
244|200|47|
393|200|48|
320|200|49|
173|200|50|
274|200|51|
383|200|52|
500|200|55|
353|200|56|
38|200|57|
263|200|58|
350|200|59|
363|200|60|
144|200|61|
312|200|62|
280|200|63|
383|200|64|
67|200|65|
301|200|66|
326|200|67|
403|200|68|
104|200|69|
46|200|70|
312|200|71|
200|200|72|
363|200|74|
350|200|75|
490|200|76|
212|200|77|
148|200|78|
242|200|79|
157|200|80|
400|200|81|
483|200|82|
282|200|83|
537|200|84|
261|200|85|
383|200|86|
190|200|87|
191|200|88|
387|200|89|
367|200|90|
124|200|91|
41|200|92|
309|200|93|
443|200|94|
143|200|95|
43|200|96|
337|200|99|
423|200|100|
74|200|101|
104|200|102|
380|200|103|
299|200|104|
128|200|105|
450|200|106|
377|200|108|
347|200|109|
440|200|110|
230|200|112|
111|200|114|
343|200|116|
69|200|117|
102|200|118|
208|200|119|
47|200|121|
420|200|122|
523|200|123|
343|200|124|
62|200|125|
73|200|126|
24|200|127|
340|200|128|
420|200|129|
248|200|130|
259|200|131|
249|200|134|
226|200|136|
158|200|137|
262|200|138|
417|200|139|
299|200|140|
231|200|142|
373|200|143|
13|200|144|
237|200|145|
142|200|147|
280|200|148|
107|200|149|
47|200|152|
332|200|154|
193|200|155|
60|200|156|
293|200|158|
321|200|159|
270|200|161|
284|200|162|
430|200|163|
343|200|164|
427|200|165|
143|200|166|
417|200|167|
430|200|168|
497|200|169|
135|200|171|
73|200|172|
266|200|173|
42|200|174|
26|200|175|
600|200|177|
263|200|178|
281|200|179|
102|200|180|
76|200|182|
400|200|183|
337|200|184|
340|200|185|
630|200|186|
298|200|187|
139|200|188|
139|200|189|
347|200|190|
119|200|191|
216|200|192|
147|200|193|
255|200|194|
28|201|0|
222|201|1|
258|201|2|
98|201|4|
289|201|5|
437|201|6|
236|201|7|
417|201|8|
417|201|9|
117|201|10|
403|201|11|
74|201|13|
503|201|14|
370|201|15|
497|201|16|
393|201|17|
37|201|18|
257|201|20|
152|201|21|
223|201|22|
363|201|23|
363|201|24|
286|201|25|
41|201|26|
106|201|28|
82|201|29|
483|201|30|
254|201|31|
71|201|32|
65|201|33|
407|201|34|
55|201|35|
583|201|36|
106|201|39|
503|201|40|
77|201|41|
527|201|42|
567|201|43|
301|201|44|
423|201|45|
473|201|46|
241|201|47|
387|201|48|
370|201|49|
167|201|50|
294|201|51|
373|201|52|
503|201|55|
347|201|56|
39|201|57|
301|201|58|
319|201|59|
373|201|60|
141|201|61|
243|201|62|
270|201|63|
417|201|64|
66|201|65|
315|201|66|
330|201|67|
390|201|68|
98|201|69|
60|201|70|
360|201|71|
203|201|72|
363|201|74|
347|201|75|
473|201|76|
214|201|77|
150|201|78|
242|201|79|
164|201|80|
393|201|81|
400|201|82|
291|201|83|
523|201|84|
269|201|85|
377|201|86|
237|201|87|
180|201|88|
410|201|89|
332|201|90|
114|201|91|
43|201|92|
390|201|93|
350|201|94|
145|201|95|
45|201|96|
400|201|99|
413|201|100|
55|201|101|
111|201|102|
397|201|103|
314|201|104|
126|201|105|
473|201|106|
373|201|108|
370|201|109|
457|201|110|
260|201|112|
120|201|114|
332|201|116|
70|201|117|
120|201|118|
205|201|119|
45|201|121|
420|201|122|
547|201|123|
343|201|124|
53|201|125|
97|201|126|
26|201|127|
320|201|128|
410|201|129|
256|201|130|
267|201|131|
236|201|134|
225|201|136|
174|201|137|
243|201|138|
420|201|139|
297|201|140|
242|201|142|
380|201|143|
26|201|144|
232|201|145|
162|201|147|
282|201|148|
137|201|149|
45|201|152|
299|201|154|
183|201|155|
60|201|156|
287|201|158|
333|201|159|
272|201|161|
279|201|162|
467|201|163|
367|201|164|
427|201|165|
152|201|166|
420|201|167|
410|201|168|
490|201|169|
106|201|171|
73|201|172|
276|201|173|
58|201|174|
26|201|175|
607|201|177|
261|201|178|
283|201|179|
96|201|180|
72|201|182|
433|201|183|
340|201|184|
370|201|185|
620|201|186|
254|201|187|
90|201|188|
136|201|189|
340|201|190|
115|201|191|
220|201|192|
104|201|193|
272|201|194|
32|202|0|
236|202|1|
268|202|2|
121|202|4|
288|202|5|
427|202|6|
257|202|7|
417|202|8|
410|202|9|
144|202|10|
353|202|11|
62|202|13|
497|202|14|
370|202|15|
493|202|16|
403|202|17|
45|202|18|
253|202|20|
153|202|21|
225|202|22|
360|202|23|
274|202|24|
282|202|25|
54|202|26|
171|202|28|
98|202|29|
510|202|30|
226|202|31|
71|202|32|
69|202|33|
413|202|34|
52|202|35|
573|202|36|
116|202|39|
507|202|40|
95|202|41|
567|202|42|
520|202|43|
353|202|44|
467|202|45|
527|202|46|
245|202|47|
387|202|48|
370|202|49|
163|202|50|
278|202|51|
360|202|52|
393|202|55|
360|202|56|
38|202|57|
309|202|58|
318|202|59|
377|202|60|
145|202|61|
260|202|62|
299|202|63|
413|202|64|
67|202|65|
314|202|66|
337|202|67|
437|202|68|
94|202|69|
48|202|70|
337|202|71|
213|202|72|
360|202|74|
340|202|75|
483|202|76|
210|202|77|
150|202|78|
243|202|79|
171|202|80|
304|202|81|
407|202|82|
286|202|83|
523|202|84|
272|202|85|
390|202|86|
271|202|87|
174|202|88|
420|202|89|
397|202|90|
130|202|91|
40|202|92|
367|202|93|
340|202|94|
149|202|95|
47|202|96|
367|202|99|
407|202|100|
41|202|101|
112|202|102|
353|202|103|
314|202|104|
132|202|105|
480|202|106|
333|202|108|
337|202|109|
457|202|110|
244|202|112|
107|202|114|
340|202|116|
68|202|117|
116|202|118|
203|202|119|
44|202|121|
420|202|122|
553|202|123|
340|202|124|
48|202|125|
97|202|126|
25|202|127|
332|202|128|
403|202|129|
260|202|130|
247|202|131|
260|202|134|
227|202|136|
186|202|137|
248|202|138|
420|202|139|
294|202|140|
236|202|142|
400|202|143|
20|202|144|
229|202|145|
177|202|147|
281|202|148|
119|202|149|
46|202|152|
291|202|154|
184|202|155|
65|202|156|
282|202|158|
343|202|159|
272|202|161|
286|202|162|
453|202|163|
357|202|164|
413|202|165|
175|202|166|
437|202|167|
383|202|168|
523|202|169|
119|202|171|
72|202|172|
283|202|173|
53|202|174|
43|202|175|
540|202|177|
291|202|178|
254|202|179|
93|202|180|
76|202|182|
407|202|183|
343|202|184|
377|202|185|
643|202|186|
333|202|187|
62|202|188|
142|202|189|
306|202|190|
111|202|191|
223|202|192|
116|202|193|
278|202|194|
41|203|0|
223|203|1|
276|203|2|
138|203|4|
278|203|5|
427|203|6|
292|203|7|
427|203|8|
423|203|9|
150|203|10|
433|203|11|
57|203|13|
500|203|14|
305|203|15|
497|203|16|
420|203|17|
49|203|18|
250|203|20|
137|203|21|
270|203|22|
380|203|23|
357|203|24|
280|203|25|
41|203|26|
159|203|28|
91|203|29|
510|203|30|
235|203|31|
87|203|32|
65|203|33|
390|203|34|
58|203|35|
577|203|36|
124|203|39|
510|203|40|
97|203|41|
620|203|42|
493|203|43|
370|203|44|
500|203|45|
527|203|46|
249|203|47|
393|203|48|
353|203|49|
169|203|50|
255|203|51|
350|203|52|
400|203|55|
330|203|56|
39|203|57|
330|203|58|
314|203|59|
370|203|60|
149|203|61|
250|203|62|
307|203|63|
443|203|64|
63|203|65|
321|203|66|
343|203|67|
467|203|68|
104|203|69|
64|203|70|
350|203|71|
195|203|72|
383|203|74|
343|203|75|
480|203|76|
221|203|77|
151|203|78|
243|203|79|
172|203|80|
350|203|81|
357|203|82|
286|203|83|
513|203|84|
274|203|85|
407|203|86|
260|203|87|
173|203|88|
430|203|89|
423|203|90|
133|203|91|
41|203|92|
321|203|93|
347|203|94|
159|203|95|
45|203|96|
357|203|99|
403|203|100|
64|203|101|
114|203|102|
363|203|103|
303|203|104|
123|203|105|
490|203|106|
307|203|108|
353|203|109|
460|203|110|
273|203|112|
108|203|114|
332|203|116|
78|203|117|
123|203|118|
199|203|119|
46|203|121|
437|203|122|
567|203|123|
337|203|124|
58|203|125|
95|203|126|
28|203|127|
333|203|128|
390|203|129|
259|203|130|
237|203|131|
259|203|134|
237|203|136|
191|203|137|
254|203|138|
420|203|139|
299|203|140|
246|203|142|
407|203|143|
18|203|144|
238|203|145|
174|203|147|
285|203|148|
120|203|149|
52|203|152|
287|203|154|
185|203|155|
75|203|156|
291|203|158|
343|203|159|
272|203|161|
262|203|162|
433|203|163|
330|203|164|
407|203|165|
179|203|166|
443|203|167|
383|203|168|
520|203|169|
123|203|171|
81|203|172|
291|203|173|
54|203|174|
50|203|175|
543|203|177|
326|203|178|
241|203|179|
89|203|180|
80|203|182|
413|203|183|
350|203|184|
370|203|185|
640|203|186|
330|203|187|
41|203|188|
142|203|189|
315|203|190|
116|203|191|
234|203|192|
109|203|193|
250|203|194|
52|204|0|
183|204|1|
281|204|2|
131|204|4|
310|204|5|
437|204|6|
284|204|7|
427|204|8|
433|204|9|
142|204|10|
440|204|11|
73|204|13|
493|204|14|
321|204|15|
487|204|16|
403|204|17|
33|204|18|
249|204|20|
148|204|21|
259|204|22|
383|204|23|
413|204|24|
287|204|25|
34|204|26|
210|204|28|
89|204|29|
497|204|30|
237|204|31|
94|204|32|
77|204|33|
397|204|34|
56|204|35|
580|204|36|
137|204|39|
507|204|40|
91|204|41|
593|204|42|
567|204|43|
377|204|44|
500|204|45|
530|204|46|
244|204|47|
413|204|48|
353|204|49|
165|204|50|
253|204|51|
343|204|52|
480|204|55|
261|204|56|
51|204|57|
343|204|58|
318|204|59|
377|204|60|
150|204|61|
268|204|62|
343|204|63|
450|204|64|
76|204|65|
333|204|66|
343|204|67|
453|204|68|
107|204|69|
101|204|70|
360|204|71|
203|204|72|
380|204|74|
343|204|75|
460|204|76|
182|204|77|
150|204|78|
248|204|79|
249|204|80|
343|204|81|
250|204|82|
294|204|83|
453|204|84|
275|204|85|
457|204|86|
306|204|87|
172|204|88|
423|204|89|
390|204|90|
189|204|91|
36|204|92|
337|204|93|
353|204|94|
155|204|95|
48|204|96|
353|204|99|
407|204|100|
63|204|101|
114|204|102|
329|204|103|
328|204|104|
119|204|105|
500|204|106|
313|204|108|
343|204|109|
453|204|110|
256|204|112|
111|204|114|
340|204|116|
78|204|117|
125|204|118|
197|204|119|
46|204|121|
433|204|122|
550|204|123|
333|204|124|
65|204|125|
96|204|126|
28|204|127|
343|204|128|
373|204|129|
288|204|130|
261|204|131|
260|204|134|
229|204|136|
189|204|137|
253|204|138|
410|204|139|
281|204|140|
256|204|142|
423|204|143|
11|204|144|
268|204|145|
190|204|147|
282|204|148|
104|204|149|
50|204|152|
360|204|154|
207|204|155|
77|204|156|
281|204|158|
343|204|159|
273|204|161|
253|204|162|
390|204|163|
350|204|164|
407|204|165|
194|204|166|
420|204|167|
377|204|168|
543|204|169|
126|204|171|
80|204|172|
305|204|173|
60|204|174|
54|204|175|
573|204|177|
321|204|178|
260|204|179|
84|204|180|
90|204|182|
437|204|183|
350|204|184|
380|204|185|
647|204|186|
324|204|187|
44|204|188|
145|204|189|
350|204|190|
126|204|191|
232|204|192|
106|204|193|
241|204|194|
62|205|0|
195|205|1|
252|205|2|
124|205|4|
266|205|5|
453|205|6|
314|205|7|
427|205|8|
453|205|9|
163|205|10|
457|205|11|
96|205|13|
503|205|14|
350|205|15|
487|205|16|
393|205|17|
30|205|18|
248|205|20|
155|205|21|
264|205|22|
383|205|23|
417|205|24|
315|205|25|
55|205|26|
163|205|28|
85|205|29|
490|205|30|
223|205|31|
95|205|32|
84|205|33|
397|205|34|
56|205|35|
563|205|36|
133|205|39|
523|205|40|
91|205|41|
560|205|42|
493|205|43|
350|205|44|
343|205|45|
463|205|46|
245|205|47|
403|205|48|
360|205|49|
166|205|50|
248|205|51|
363|205|52|
480|205|55|
244|205|56|
50|205|57|
367|205|58|
311|205|59|
380|205|60|
146|205|61|
271|205|62|
353|205|63|
467|205|64|
87|205|65|
311|205|66|
347|205|67|
480|205|68|
118|205|69|
100|205|70|
333|205|71|
200|205|72|
387|205|74|
329|205|75|
437|205|76|
181|205|77|
155|205|78|
251|205|79|
215|205|80|
347|205|81|
245|205|82|
291|205|83|
477|205|84|
262|205|85|
453|205|86|
311|205|87|
174|205|88|
417|205|89|
373|205|90|
210|205|91|
48|205|92|
353|205|93|
343|205|94|
152|205|95|
50|205|96|
383|205|99|
463|205|100|
63|205|101|
114|205|102|
283|205|103|
331|205|104|
117|205|105|
497|205|106|
296|205|108|
343|205|109|
423|205|110|
262|205|112|
123|205|114|
343|205|116|
80|205|117|
123|205|118|
199|205|119|
43|205|121|
427|205|122|
563|205|123|
333|205|124|
63|205|125|
92|205|126|
21|205|127|
312|205|128|
347|205|129|
310|205|130|
274|205|131|
261|205|134|
232|205|136|
206|205|137|
234|205|138|
397|205|139|
280|205|140|
258|205|142|
443|205|143|
17|205|144|
282|205|145|
190|205|147|
295|205|148|
109|205|149|
49|205|152|
437|205|154|
218|205|155|
95|205|156|
281|205|158|
347|205|159|
273|205|161|
241|205|162|
417|205|163|
333|205|164|
407|205|165|
218|205|166|
437|205|167|
383|205|168|
537|205|169|
129|205|171|
89|205|172|
294|205|173|
45|205|174|
52|205|175|
567|205|177|
309|205|178|
268|205|179|
83|205|180|
84|205|182|
450|205|183|
367|205|184|
343|205|185|
643|205|186|
325|205|187|
75|205|188|
142|205|189|
350|205|190|
107|205|191|
233|205|192|
100|205|193|
225|205|194|
66|206|0|
224|206|1|
260|206|2|
128|206|4|
283|206|5|
443|206|6|
309|206|7|
423|206|8|
447|206|9|
168|206|10|
423|206|11|
82|206|13|
503|206|14|
321|206|15|
467|206|16|
390|206|17|
30|206|18|
238|206|20|
175|206|21|
271|206|22|
383|206|23|
430|206|24|
325|206|25|
57|206|26|
160|206|28|
78|206|29|
483|206|30|
206|206|31|
80|206|32|
84|206|33|
397|206|34|
57|206|35|
557|206|36|
140|206|39|
527|206|40|
89|206|41|
570|206|42|
463|206|43|
304|206|44|
293|206|45|
493|206|46|
249|206|47|
417|206|48|
340|206|49|
187|206|50|
242|206|51|
387|206|52|
437|206|55|
325|206|56|
53|206|57|
373|206|58|
305|206|59|
347|206|60|
143|206|61|
245|206|62|
360|206|63|
440|206|64|
88|206|65|
261|206|66|
347|206|67|
457|206|68|
119|206|69|
97|206|70|
333|206|71|
201|206|72|
413|206|74|
340|206|75|
430|206|76|
184|206|77|
132|206|78|
257|206|79|
232|206|80|
360|206|81|
235|206|82|
273|206|83|
437|206|84|
252|206|85|
477|206|86|
283|206|87|
170|206|88|
420|206|89|
360|206|90|
235|206|91|
48|206|92|
294|206|93|
343|206|94|
156|206|95|
54|206|96|
420|206|99|
470|206|100|
62|206|101|
115|206|102|
325|206|103|
322|206|104|
125|206|105|
457|206|106|
299|206|108|
353|206|109|
443|206|110|
273|206|112|
122|206|114|
420|206|115|
331|206|116|
79|206|117|
129|206|118|
192|206|119|
46|206|121|
423|206|122|
540|206|123|
337|206|124|
58|206|125|
85|206|126|
25|206|127|
320|206|128|
337|206|129|
292|206|130|
276|206|131|
266|206|134|
232|206|136|
195|206|137|
225|206|138|
397|206|139|
272|206|140|
283|206|142|
460|206|143|
27|206|144|
284|206|145|
195|206|147|
298|206|148|
146|206|149|
282|206|150|
62|206|152|
403|206|154|
210|206|155|
123|206|156|
286|206|158|
347|206|159|
276|206|161|
277|206|162|
397|206|163|
357|206|164|
417|206|165|
221|206|166|
430|206|167|
377|206|168|
547|206|169|
150|206|171|
88|206|172|
347|206|173|
66|206|174|
60|206|175|
580|206|177|
320|206|178|
293|206|179|
84|206|180|
86|206|182|
473|206|183|
343|206|184|
302|206|185|
623|206|186|
327|206|187|
114|206|188|
130|206|189|
360|206|190|
120|206|191|
244|206|192|
104|206|193|
244|206|194|
69|207|0|
252|207|1|
289|207|2|
132|207|4|
291|207|5|
447|207|6|
313|207|7|
433|207|8|
430|207|9|
123|207|10|
413|207|11|
79|207|13|
510|207|14|
347|207|15|
460|207|16|
400|207|17|
28|207|18|
235|207|20|
190|207|21|
283|207|22|
380|207|23|
443|207|24|
310|207|25|
62|207|26|
161|207|28|
91|207|29|
487|207|30|
203|207|31|
86|207|32|
83|207|33|
430|207|34|
59|207|35|
557|207|36|
173|207|39|
537|207|40|
94|207|41|
440|207|42|
457|207|43|
333|207|44|
317|207|45|
573|207|46|
265|207|47|
420|207|48|
350|207|49|
165|207|50|
242|207|51|
377|207|52|
437|207|55|
288|207|56|
51|207|57|
370|207|58|
315|207|59|
340|207|60|
145|207|61|
260|207|62|
390|207|63|
420|207|64|
92|207|65|
287|207|66|
340|207|67|
507|207|68|
121|207|69|
100|207|70|
377|207|71|
199|207|72|
420|207|74|
320|207|75|
423|207|76|
187|207|77|
130|207|78|
254|207|79|
204|207|80|
387|207|81|
239|207|82|
271|207|83|
440|207|84|
275|207|85|
447|207|86|
296|207|87|
164|207|88|
413|207|89|
367|207|90|
227|207|91|
55|207|92|
267|207|93|
457|207|94|
157|207|95|
54|207|96|
433|207|99|
473|207|100|
65|207|101|
115|207|102|
357|207|103|
328|207|104|
122|207|105|
457|207|106|
350|207|108|
343|207|109|
443|207|110|
343|207|112|
114|207|114|
433|207|115|
360|207|116|
93|207|117|
156|207|118|
172|207|119|
46|207|121|
427|207|122|
550|207|123|
333|207|124|
53|207|125|
87|207|126|
45|207|127|
330|207|128|
343|207|129|
311|207|130|
272|207|131|
278|207|134|
229|207|136|
195|207|137|
227|207|138|
397|207|139|
263|207|140|
249|207|142|
467|207|143|
33|207|144|
284|207|145|
199|207|147|
293|207|148|
143|207|149|
293|207|150|
61|207|152|
370|207|154|
219|207|155|
75|207|156|
280|207|158|
333|207|159|
272|207|161|
241|207|162|
423|207|163|
373|207|164|
410|207|165|
212|207|166|
440|207|167|
380|207|168|
540|207|169|
149|207|171|
91|207|172|
337|207|173|
71|207|174|
72|207|175|
573|207|177|
321|207|178|
260|207|179|
77|207|180|
86|207|182|
480|207|183|
296|207|184|
330|207|185|
583|207|186|
325|207|187|
187|207|188|
170|207|189|
357|207|190|
106|207|191|
248|207|192|
90|207|193|
216|207|194|
78|208|0|
340|208|1|
262|208|2|
147|208|4|
297|208|5|
443|208|6|
330|208|7|
430|208|8|
447|208|9|
132|208|10|
417|208|11|
76|208|13|
533|208|14|
377|208|15|
480|208|16|
383|208|17|
48|208|18|
237|208|20|
198|208|21|
264|208|22|
387|208|23|
417|208|24|
309|208|25|
44|208|26|
190|208|28|
87|208|29|
470|208|30|
203|208|31|
86|208|32|
75|208|33|
433|208|34|
58|208|35|
557|208|36|
173|208|39|
513|208|40|
92|208|41|
467|208|42|
407|208|43|
319|208|44|
319|208|45|
490|208|46|
274|208|47|
420|208|48|
343|208|49|
181|208|50|
249|208|51|
373|208|52|
397|208|55|
287|208|56|
54|208|57|
353|208|58|
273|208|59|
332|208|60|
132|208|61|
242|208|62|
413|208|63|
453|208|64|
87|208|65|
284|208|66|
347|208|67|
450|208|68|
123|208|69|
97|208|70|
357|208|71|
196|208|72|
420|208|74|
328|208|75|
427|208|76|
207|208|77|
126|208|78|
251|208|79|
169|208|80|
400|208|81|
231|208|82|
272|208|83|
503|208|84|
259|208|85|
447|208|86|
289|208|87|
161|208|88|
437|208|89|
353|208|90|
233|208|91|
57|208|92|
321|208|93|
437|208|94|
156|208|95|
56|208|96|
457|208|99|
470|208|100|
63|208|101|
123|208|102|
367|208|103|
337|208|104|
123|208|105|
540|208|106|
328|208|108|
321|208|109|
447|208|110|
286|208|112|
131|208|114|
423|208|115|
373|208|116|
102|208|117|
160|208|118|
143|208|119|
42|208|121|
420|208|122|
570|208|123|
360|208|124|
51|208|125|
89|208|126|
52|208|127|
367|208|128|
350|208|129|
322|208|130|
266|208|131|
273|208|134|
233|208|136|
208|208|137|
235|208|138|
383|208|139|
275|208|140|
223|208|142|
463|208|143|
29|208|144|
340|208|145|
197|208|147|
296|208|148|
126|208|149|
235|208|150|
61|208|152|
467|208|154|
220|208|155|
122|208|156|
274|208|158|
333|208|159|
276|208|161|
294|208|162|
420|208|163|
390|208|164|
413|208|165|
213|208|166|
427|208|167|
370|208|168|
543|208|169|
159|208|171|
88|208|172|
347|208|173|
85|208|174|
79|208|175|
570|208|177|
318|208|178|
281|208|179|
82|208|180|
89|208|182|
480|208|183|
299|208|184|
333|208|185|
567|208|186|
333|208|187|
111|208|188|
176|208|189|
347|208|190|
105|208|191|
245|208|192|
88|208|193|
204|208|194|
78|209|0|
390|209|1|
284|209|2|
134|209|4|
292|209|5|
440|209|6|
343|209|7|
420|209|8|
427|209|9|
133|209|10|
400|209|11|
76|209|13|
533|209|14|
393|209|15|
497|209|16|
397|209|17|
45|209|18|
233|209|20|
175|209|21|
277|209|22|
383|209|23|
450|209|24|
292|209|25|
43|209|26|
180|209|28|
72|209|29|
453|209|30|
202|209|31|
82|209|32|
71|209|33|
433|209|34|
60|209|35|
547|209|36|
129|209|39|
500|209|40|
84|209|41|
460|209|42|
540|209|43|
301|209|44|
357|209|45|
480|209|46|
269|209|47|
410|209|48|
319|209|49|
174|209|50|
228|209|51|
373|209|52|
423|209|55|
274|209|56|
49|209|57|
363|209|58|
309|209|59|
370|209|60|
145|209|61|
232|209|62|
390|209|63|
440|209|64|
103|209|65|
252|209|66|
340|209|67|
493|209|68|
126|209|69|
96|209|70|
340|209|71|
189|209|72|
427|209|74|
313|209|75|
443|209|76|
208|209|77|
130|209|78|
257|209|79|
145|209|80|
360|209|81|
239|209|82|
271|209|83|
457|209|84|
252|209|85|
383|209|86|
273|209|87|
157|209|88|
417|209|89|
353|209|90|
230|209|91|
56|209|92|
303|209|93|
447|209|94|
157|209|95|
63|209|96|
437|209|99|
480|209|100|
74|209|101|
108|209|102|
387|209|103|
328|209|104|
116|209|105|
580|209|106|
328|209|108|
322|209|109|
453|209|110|
232|209|112|
121|209|114|
403|209|115|
377|209|116|
104|209|117|
157|209|118|
150|209|119|
42|209|121|
430|209|122|
550|209|123|
360|209|124|
61|209|125|
93|209|126|
45|209|127|
333|209|128|
343|209|129|
322|209|130|
252|209|131|
273|209|134|
235|209|136|
207|209|137|
209|209|138|
397|209|139|
265|209|140|
232|209|142|
440|209|143|
40|209|144|
259|209|145|
202|209|147|
307|209|148|
140|209|149|
282|209|150|
61|209|152|
477|209|154|
224|209|155|
97|209|156|
277|209|158|
317|209|159|
276|209|161|
233|209|162|
427|209|163|
387|209|164|
410|209|165|
219|209|166|
427|209|167|
370|209|168|
530|209|169|
168|209|171|
89|209|172|
350|209|173|
91|209|174|
93|209|175|
570|209|177|
330|209|178|
295|209|179|
74|209|180|
98|209|182|
440|209|183|
314|209|184|
353|209|185|
550|209|186|
347|209|187|
95|209|188|
181|209|189|
353|209|190|
89|209|191|
249|209|192|
95|209|193|
204|209|194|
81|210|0|
377|210|1|
285|210|2|
130|210|4|
292|210|5|
437|210|6|
373|210|7|
420|210|8|
440|210|9|
145|210|10|
397|210|11|
73|210|13|
537|210|14|
340|210|15|
520|210|16|
410|210|17|
49|210|18|
235|210|20|
179|210|21|
311|210|22|
390|210|23|
453|210|24|
241|210|25|
44|210|26|
171|210|28|
88|210|29|
420|210|30|
193|210|31|
78|210|32|
84|210|33|
443|210|34|
60|210|35|
500|210|36|
124|210|39|
500|210|40|
90|210|41|
493|210|42|
550|210|43|
296|210|44|
370|210|45|
490|210|46|
278|210|47|
407|210|48|
300|210|49|
163|210|50|
271|210|51|
360|210|52|
420|210|55|
305|210|56|
54|210|57|
332|210|58|
281|210|59|
347|210|60|
148|210|61|
231|210|62|
284|210|63|
457|210|64|
119|210|65|
258|210|66|
347|210|67|
453|210|68|
118|210|69|
99|210|70|
367|210|71|
160|210|72|
423|210|74|
313|210|75|
447|210|76|
200|210|77|
131|210|78|
271|210|79|
175|210|80|
350|210|81|
252|210|82|
274|210|83|
457|210|84|
231|210|85|
433|210|86|
242|210|87|
156|210|88|
410|210|89|
328|210|90|
233|210|91|
54|210|92|
328|210|93|
483|210|94|
156|210|95|
66|210|96|
393|210|99|
457|210|100|
73|210|101|
113|210|102|
390|210|103|
337|210|104|
98|210|105|
570|210|106|
325|210|108|
293|210|109|
453|210|110|
214|210|112|
119|210|114|
393|210|115|
347|210|116|
102|210|117|
151|210|118|
153|210|119|
39|210|121|
430|210|122|
520|210|123|
380|210|124|
44|210|125|
95|210|126|
43|210|127|
370|210|128|
350|210|129|
317|210|130|
272|210|131|
283|210|134|
236|210|136|
207|210|137|
211|210|138|
397|210|139|
268|210|140|
231|210|142|
430|210|143|
50|210|144|
264|210|145|
207|210|147|
302|210|148|
145|210|149|
222|210|150|
35|210|152|
480|210|154|
239|210|155|
119|210|156|
322|210|158|
347|210|159|
277|210|161|
265|210|162|
413|210|163|
373|210|164|
393|210|165|
218|210|166|
413|210|167|
353|210|168|
537|210|169|
166|210|171|
95|210|172|
360|210|173|
91|210|174|
102|210|175|
523|210|177|
318|210|178|
302|210|179|
76|210|180|
96|210|182|
430|210|183|
357|210|184|
333|210|185|
557|210|186|
353|210|187|
94|210|188|
182|210|189|
357|210|190|
96|210|191|
262|210|192|
93|210|193|
219|210|194|
83|211|0|
407|211|1|
250|211|2|
134|211|4|
265|211|5|
440|211|6|
337|211|7|
423|211|8|
437|211|9|
147|211|10|
400|211|11|
75|211|13|
530|211|14|
367|211|15|
460|211|16|
403|211|17|
49|211|18|
244|211|20|
185|211|21|
273|211|22|
387|211|23|
460|211|24|
259|211|25|
65|211|26|
165|211|28|
90|211|29|
457|211|30|
192|211|31|
80|211|32|
93|211|33|
443|211|34|
63|211|35|
503|211|36|
128|211|39|
497|211|40|
96|211|41|
477|211|42|
527|211|43|
311|211|44|
377|211|45|
487|211|46|
282|211|47|
390|211|48|
292|211|49|
182|211|50|
276|211|51|
373|211|52|
400|211|55|
298|211|56|
59|211|57|
363|211|58|
286|211|59|
343|211|60|
149|211|61|
237|211|62|
271|211|63|
443|211|64|
101|211|65|
250|211|66|
380|211|67|
483|211|68|
117|211|69|
100|211|70|
393|211|71|
165|211|72|
413|211|74|
323|211|75|
433|211|76|
203|211|77|
135|211|78|
267|211|79|
173|211|80|
450|211|81|
251|211|82|
281|211|83|
460|211|84|
254|211|85|
377|211|86|
261|211|87|
152|211|88|
423|211|89|
322|211|90|
245|211|91|
59|211|92|
343|211|93|
460|211|94|
155|211|95|
66|211|96|
417|211|99|
427|211|100|
74|211|101|
73|211|102|
390|211|103|
329|211|104|
85|211|105|
550|211|106|
327|211|108|
270|211|109|
447|211|110|
223|211|112|
133|211|114|
440|211|115|
360|211|116|
104|211|117|
156|211|118|
160|211|119|
40|211|121|
417|211|122|
530|211|123|
393|211|124|
44|211|125|
86|211|126|
38|211|127|
357|211|128|
367|211|129|
321|211|130|
239|211|131|
293|211|134|
238|211|136|
211|211|137|
219|211|138|
400|211|139|
259|211|140|
227|211|142|
447|211|143|
48|211|144|
276|211|145|
208|211|147|
296|211|148|
147|211|149|
264|211|150|
52|211|152|
443|211|154|
235|211|155|
80|211|156|
319|211|158|
333|211|159|
284|211|161|
251|211|162|
433|211|163|
377|211|164|
407|211|165|
225|211|166|
407|211|167|
367|211|168|
533|211|169|
172|211|171|
98|211|172|
370|211|173|
103|211|174|
110|211|175|
523|211|177|
328|211|178|
285|211|179|
85|211|180|
86|211|182|
443|211|183|
318|211|184|
367|211|185|
573|211|186|
363|211|187|
93|211|188|
185|211|189|
360|211|190|
91|211|191|
271|211|192|
95|211|193|
230|211|194|
85|212|0|
430|212|1|
276|212|2|
142|212|4|
293|212|5|
437|212|6|
337|212|7|
420|212|8|
433|212|9|
161|212|10|
322|212|11|
74|212|13|
533|212|14|
350|212|15|
510|212|16|
403|212|17|
57|212|18|
243|212|20|
192|212|21|
268|212|22|
390|212|23|
450|212|24|
255|212|25|
66|212|26|
170|212|28|
86|212|29|
440|212|30|
187|212|31|
86|212|32|
102|212|33|
443|212|34|
63|212|35|
517|212|36|
140|212|39|
497|212|40|
85|212|41|
430|212|42|
500|212|43|
295|212|44|
397|212|45|
507|212|46|
302|212|47|
387|212|48|
305|212|49|
195|212|50|
246|212|51|
377|212|52|
298|212|55|
292|212|56|
52|212|57|
360|212|58|
289|212|59|
347|212|60|
139|212|61|
235|212|62|
323|212|63|
433|212|64|
86|212|65|
271|212|66|
373|212|67|
433|212|68|
109|212|69|
96|212|70|
397|212|71|
170|212|72|
433|212|74|
314|212|75|
440|212|76|
212|212|77|
147|212|78|
265|212|79|
168|212|80|
443|212|81|
256|212|82|
288|212|83|
477|212|84|
251|212|85|
443|212|86|
262|212|87|
148|212|88|
413|212|89|
357|212|90|
239|212|91|
64|212|92|
363|212|93|
437|212|94|
163|212|95|
48|212|96|
423|212|99|
463|212|100|
67|212|101|
107|212|102|
403|212|103|
312|212|104|
120|212|105|
560|212|106|
316|212|108|
304|212|109|
463|212|110|
213|212|112|
136|212|114|
443|212|115|
353|212|116|
98|212|117|
159|212|118|
181|212|119|
42|212|121|
413|212|122|
527|212|123|
380|212|124|
44|212|125|
95|212|126|
36|212|127|
380|212|128|
380|212|129|
321|212|130|
254|212|131|
304|212|134|
236|212|136|
213|212|137|
227|212|138|
407|212|139|
259|212|140|
230|212|142|
447|212|143|
63|212|144|
270|212|145|
119|212|147|
293|212|148|
154|212|149|
252|212|150|
49|212|152|
407|212|154|
246|212|155|
52|212|156|
329|212|158|
343|212|159|
285|212|161|
248|212|162|
430|212|163|
367|212|164|
400|212|165|
321|212|166|
403|212|167|
367|212|168|
550|212|169|
169|212|171|
99|212|172|
360|212|173|
126|212|174|
112|212|175|
537|212|177|
319|212|178|
288|212|179|
89|212|180|
84|212|182|
437|212|183|
329|212|184|
353|212|185|
580|212|186|
370|212|187|
92|212|188|
166|212|189|
353|212|190|
97|212|191|
266|212|192|
100|212|193|
263|212|194|
82|213|0|
437|213|1|
261|213|2|
149|213|4|
300|213|5|
440|213|6|
325|213|7|
420|213|8|
413|213|9|
168|213|10|
357|213|11|
74|213|13|
533|213|14|
357|213|15|
480|213|16|
387|213|17|
71|213|18|
251|213|20|
184|213|21|
283|213|22|
390|213|23|
450|213|24|
262|213|25|
68|213|26|
172|213|28|
91|213|29|
440|213|30|
176|213|31|
75|213|32|
97|213|33|
437|213|34|
63|213|35|
533|213|36|
161|213|39|
480|213|40|
94|213|41|
393|213|42|
487|213|43|
337|213|44|
393|213|45|
507|213|46|
310|213|47|
377|213|48|
318|213|49|
211|213|50|
260|213|51|
377|213|52|
288|213|55|
318|213|56|
60|213|57|
347|213|58|
289|213|59|
357|213|60|
142|213|61|
241|213|62|
310|213|63|
443|213|64|
135|213|65|
268|213|66|
373|213|67|
440|213|68|
91|213|69|
101|213|70|
393|213|71|
153|213|72|
437|213|74|
317|213|75|
440|213|76|
214|213|77|
155|213|78|
266|213|79|
176|213|80|
420|213|81|
254|213|82|
293|213|83|
450|213|84|
247|213|85|
427|213|86|
261|213|87|
146|213|88|
407|213|89|
353|213|90|
288|213|91|
66|213|92|
390|213|93|
410|213|94|
152|213|95|
52|213|96|
433|213|99|
470|213|100|
68|213|101|
75|213|102|
403|213|103|
277|213|104|
94|213|105|
560|213|106|
331|213|108|
320|213|109|
443|213|110|
215|213|112|
134|213|114|
437|213|115|
363|213|116|
102|213|117|
154|213|118|
185|213|119|
43|213|121|
407|213|122|
540|213|123|
387|213|124|
48|213|125|
98|213|126|
36|213|127|
367|213|128|
400|213|129|
329|213|130|
253|213|131|
318|213|134|
232|213|136|
210|213|137|
215|213|138|
407|213|139|
260|213|140|
234|213|142|
447|213|143|
47|213|144|
298|213|145|
168|213|147|
289|213|148|
167|213|149|
257|213|150|
55|213|152|
453|213|154|
250|213|155|
44|213|156|
337|213|158|
350|213|159|
285|213|161|
245|213|162|
443|213|163|
353|213|164|
403|213|165|
320|213|166|
403|213|167|
383|213|168|
553|213|169|
173|213|171|
93|213|172|
363|213|173|
117|213|174|
111|213|175|
540|213|177|
318|213|178|
291|213|179|
82|213|180|
108|213|182|
420|213|183|
337|213|184|
377|213|185|
583|213|186|
370|213|187|
92|213|188|
171|213|189|
353|213|190|
91|213|191|
260|213|192|
94|213|193|
269|213|194|
