46|183|135|
26.8|185|31|
34.4|185|89|
27.3|185|109|
43.8|185|125|
70.9|186|13|
13.5|186|34|
26.6|186|36|
22.5|186|41|
20.4|186|49|
40.2|186|50|
62.5|186|131|
32|186|147|
26.5|186|149|
2.2|186|176|
16.9|187|2|
60.9|187|19|
56.2|187|27|
38.3|187|35|
30.1|187|39|
66.2|187|68|
43.3|187|74|
37|187|88|
35.8|187|105|
31|187|116|
44.7|187|138|
32.3|187|162|
24.6|187|173|
6.3|187|177|
21|187|187|
7|187|190|
34|188|51|
36.7|188|52|
42.6|188|65|
40.2|188|108|
28.7|188|110|
7.7|188|151|
40.7|188|175|
18.5|188|178|
47.7|188|182|
61.3|188|191|
31|188|194|
13.9|189|12|
44|189|20|
19.8|189|23|
21.8|189|36|
28|189|47|
62.7|189|77|
12.4|189|84|
26|189|110|
41.4|189|152|
33.7|189|156|
63.4|190|13|
32.3|190|35|
40.1|190|72|
20|190|86|
54.6|190|108|
48.7|190|126|
18.3|190|136|
43.3|190|138|
40.9|190|152|
18.6|190|190|
73.6|191|13|
31.6|191|29|
3.1|191|45|
21.1|191|49|
34.9|191|51|
19.5|191|74|
27.6|191|80|
11.8|191|84|
53.6|191|118|
24.2|191|130|
54.5|191|131|
37.3|191|137|
11.2|191|142|
49.9|191|172|
3.2|191|186|
18.2|191|190|
50.4|191|192|
22.9|192|2|
71.5|192|13|
38|192|35|
38.5|192|37|
66.9|192|57|
42.5|192|74|
61.9|192|77|
14.4|192|84|
39.2|192|95|
60.5|192|101|
55.4|192|102|
33.1|192|114|
30.1|192|116|
35.6|192|119|
45.3|192|125|
42.7|192|131|
40.9|192|138|
56.8|192|144|
34.4|192|149|
18.3|192|190|
46.3|192|193|
69.2|193|13|
38.7|193|26|
31.1|193|51|
31.6|193|52|
69.6|193|54|
4.3|193|58|
41.2|193|65|
21.6|193|74|
57.7|193|77|
12.6|193|84|
40.2|193|88|
53.6|193|92|
37.5|193|95|
54.1|193|101|
29.6|193|124|
43.8|193|126|
38.9|193|138|
29.8|193|149|
29.7|193|162|
32.8|193|170|
21.1|193|173|
23.6|193|179|
17.4|193|190|
61.5|193|191|
7.1|194|6|
67.3|194|13|
37.1|194|20|
21.4|194|31|
41.5|194|32|
4.2|194|34|
34.2|194|41|
29.8|194|52|
35.3|194|69|
37.1|194|72|
45.7|194|74|
12.1|194|84|
41.1|194|88|
52.9|194|92|
36.1|194|104|
58.7|194|118|
21.1|194|130|
21.4|194|148|
29.7|194|158|
17.9|194|190|
52.5|194|191|
28.5|194|194|
22.5|195|2|
0|195|8|
13.6|195|12|
65.8|195|13|
3.9|195|34|
31.2|195|35|
19.6|195|36|
51|195|38|
34.8|195|51|
30.4|195|52|
47.8|195|54|
55.4|195|68|
35.3|195|72|
23.8|195|74|
24.4|195|79|
9.7|195|84|
23.3|195|87|
39|195|88|
21.1|195|97|
55.2|195|101|
53.8|195|102|
33|195|104|
13.6|195|109|
59.9|195|117|
68.2|195|121|
11.6|195|141|
28.7|195|158|
26.1|195|162|
26.5|195|170|
18.1|195|173|
45.7|195|182|
18.9|195|190|
58.1|195|193|
61.1|196|4|
16.9|196|6|
28|196|10|
63.8|196|13|
39.1|196|18|
35.1|196|22|
13|196|23|
58.6|196|28|
44.6|196|33|
3.7|196|34|
19.3|196|36|
40|196|37|
8.2|196|40|
31.7|196|47|
13.5|196|49|
32.4|196|51|
31|196|52|
36.1|196|62|
55|196|68|
33.9|196|72|
38.6|196|74|
48.1|196|78|
11.2|196|84|
38.6|196|88|
5|196|90|
17.2|196|94|
39.9|196|105|
49.8|196|108|
25.8|196|110|
65.7|196|121|
10.6|196|133|
31.6|196|137|
45.4|196|144|
28.8|196|149|
49.6|196|172|
40.2|196|175|
44.9|196|182|
39.5|196|188|
25.7|196|189|
19.3|196|190|
50.4|196|192|
48.6|196|193|
53.2|197|0|
20.4|197|1|
59.6|197|13|
44.5|197|33|
19|197|36|
13.1|197|49|
30.9|197|51|
31.6|197|52|
38.7|197|53|
54.5|197|68|
14|197|71|
32.5|197|72|
26.3|197|74|
45.9|197|77|
8.7|197|84|
11.1|197|86|
38.2|197|88|
36.2|197|91|
58.2|197|101|
43|197|104|
28.9|197|116|
48.7|197|117|
55.4|197|118|
16.8|197|134|
31.5|197|137|
49.1|197|172|
11.9|197|178|
44.8|197|182|
19.9|197|190|
55.2|197|192|
49.3|197|193|
15.1|198|7|
59.3|198|13|
33.2|198|20|
41.5|198|26|
38.2|198|29|
44.6|198|33|
3.3|198|34|
19.8|198|35|
18.7|198|36|
31.2|198|41|
12.8|198|49|
26.3|198|51|
32.3|198|52|
30.6|198|65|
54|198|68|
31.2|198|72|
27.7|198|74|
20.4|198|79|
9.5|198|84|
11.1|198|86|
37.4|198|88|
62.3|198|102|
21.4|198|110|
61.1|198|121|
30.5|198|124|
50.7|198|125|
63.9|198|127|
31.4|198|137|
38.3|198|138|
48.6|198|172|
33.2|198|175|
18.8|198|179|
44.6|198|182|
19.2|198|190|
42.1|198|191|
50.1|198|193|
59.9|199|13|
47.7|199|19|
41.4|199|26|
44.6|199|33|
3.1|199|34|
18.4|199|36|
32|199|41|
12.4|199|49|
27.9|199|50|
28.8|199|51|
30.1|199|52|
16.1|199|63|
31.5|199|65|
53.1|199|68|
31.1|199|69|
29.9|199|72|
29.1|199|74|
54.2|199|77|
5.7|199|84|
11.2|199|86|
13.2|199|87|
37.3|199|88|
20.7|199|103|
30.1|199|114|
8|199|128|
15.8|199|130|
31.2|199|137|
15.3|199|142|
6.4|199|145|
30.1|199|158|
41.5|199|171|
48.3|199|172|
44.5|199|182|
12.8|199|187|
18.3|199|190|
43.7|199|191|
59.2|199|193|
33.8|199|194|
39.2|200|1|
23.6|200|2|
17.3|200|7|
24.2|200|10|
51.1|200|13|
12.1|200|21|
29.1|200|22|
42.2|200|26|
64|200|27|
49|200|28|
44.4|200|32|
38.9|200|33|
17.8|200|35|
18.2|200|36|
46.9|200|37|
33.1|200|41|
7|200|43|
7.7|200|49|
24.4|200|51|
28.2|200|52|
42.7|200|53|
36.5|200|56|
57.6|200|57|
25.9|200|61|
24.1|200|62|
32.4|200|65|
51|200|68|
31.9|200|69|
33.8|200|70|
13.9|200|71|
28.8|200|72|
30.6|200|74|
42.4|200|78|
28.1|200|80|
7.2|200|84|
11.3|200|86|
13.8|200|87|
40.8|200|88|
47.5|200|92|
52.7|200|95|
45.3|200|96|
54.7|200|102|
38.6|200|108|
29.8|200|114|
40.8|200|118|
29.3|200|119|
53.5|200|125|
51|200|127|
31.3|200|137|
12.8|200|142|
47.9|200|144|
35.5|200|147|
26|200|149|
35.5|200|152|
4.4|200|153|
29.2|200|157|
18.4|200|162|
14.1|200|167|
24.3|200|170|
42.1|200|171|
47.4|200|172|
5.3|200|177|
16.8|200|178|
28.1|200|180|
44.9|200|182|
22.9|200|183|
17.4|200|190|
43.2|200|191|
51.7|200|193|
32.8|200|194|
17|201|7|
18|201|10|
53.2|201|13|
36.2|201|18|
42.6|201|26|
48.2|201|28|
44.7|201|33|
2.8|201|34|
17.6|201|36|
44.4|201|38|
34.1|201|41|
2.7|201|45|
11.7|201|49|
26.7|201|51|
26.3|201|52|
56.3|201|57|
24.6|201|61|
33.3|201|65|
54.6|201|68|
33.2|201|69|
28.8|201|72|
35.5|201|74|
41.6|201|78|
6.6|201|84|
11.4|201|86|
14.3|201|87|
36.5|201|88|
4|201|90|
53.8|201|102|
31.9|201|104|
42.5|201|105|
50.7|201|117|
29|201|119|
57.1|201|121|
25.1|201|124|
41.4|201|131|
30.8|201|137|
14|201|142|
48.8|201|144|
31.1|201|170|
43.2|201|171|
46.6|201|172|
43.3|201|182|
3.3|201|186|
17.3|201|190|
52.6|201|193|
33.1|201|194|
24|202|2|
17.2|202|7|
51.4|202|13|
37.1|202|18|
43|202|26|
46.8|202|28|
44.7|202|33|
2.5|202|34|
21.8|202|35|
17.1|202|36|
35.2|202|41|
27.1|202|47|
11.6|202|49|
25.7|202|51|
24.6|202|52|
43|202|54|
54.9|202|57|
23.8|202|61|
34.3|202|65|
54.8|202|68|
34.6|202|69|
29|202|72|
31.6|202|74|
8.2|202|84|
11.7|202|86|
14.9|202|87|
36.1|202|88|
3.6|202|90|
58.3|202|102|
41|202|105|
29|202|119|
55.6|202|121|
44.7|202|127|
16.1|202|133|
30.4|202|137|
12.8|202|142|
49.3|202|144|
37.1|202|171|
45.8|202|172|
55.7|202|174|
42.2|202|182|
14.7|202|187|
24.9|202|188|
17.6|202|190|
37.5|202|191|
52.5|202|193|
33.5|202|194|
17.4|203|7|
47.8|203|13|
38.5|203|18|
32.4|203|20|
43.1|203|26|
45.4|203|28|
44.7|203|33|
2.5|203|34|
16.6|203|36|
36.4|203|41|
11.1|203|49|
20.2|203|51|
24.6|203|52|
53.5|203|57|
23|203|61|
35.5|203|65|
53.6|203|68|
36.1|203|69|
29.1|203|72|
31|203|74|
33.7|203|80|
11|203|86|
15.5|203|87|
35.8|203|88|
3.9|203|90|
52.7|203|102|
40.1|203|105|
23.1|203|116|
46.9|203|117|
42.7|203|118|
29|203|119|
53.9|203|121|
42.5|203|126|
23.7|203|134|
30|203|137|
33.8|203|138|
49.8|203|144|
2.5|203|159|
42.4|203|171|
45.1|203|172|
54.8|203|174|
41.1|203|182|
15.8|203|187|
17.7|203|190|
35.4|203|191|
57.3|203|192|
50.1|203|193|
33.8|203|194|
59.3|204|0|
17.7|204|7|
50.5|204|13|
40|204|18|
8.8|204|25|
42.9|204|26|
44|204|28|
35.6|204|29|
44.4|204|33|
2.4|204|34|
16|204|36|
37.6|204|41|
10.7|204|49|
29.2|204|50|
23.8|204|51|
22.4|204|52|
35|204|53|
52.2|204|57|
7.5|204|58|
22.3|204|61|
1.3|204|64|
32.8|204|65|
52.4|204|68|
37.6|204|69|
29.3|204|72|
30.5|204|74|
28.6|204|78|
7.1|204|79|
20|204|80|
4.9|204|84|
10.6|204|86|
16.1|204|87|
35.6|204|88|
4.1|204|90|
16.5|204|94|
44.7|204|95|
52.7|204|101|
52.5|204|102|
39.3|204|105|
23.5|204|114|
46.4|204|117|
29|204|119|
52.3|204|121|
18.8|204|124|
42.5|204|126|
43.1|204|127|
10.7|204|133|
29.6|204|137|
50.3|204|144|
35.5|204|158|
44.4|204|172|
15.2|204|179|
40.1|204|182|
13.9|204|187|
17.1|204|190|
33.7|204|191|
48.8|204|193|
34.2|204|194|
26.7|205|1|
8.2|205|6|
17.9|205|7|
45.9|205|13|
4.5|205|15|
41.5|205|18|
42.4|205|26|
57.7|205|27|
42.8|205|28|
35.9|205|29|
43.8|205|33|
11.7|205|35|
15.7|205|36|
31.2|205|39|
38.8|205|41|
10.4|205|49|
31.5|205|50|
23.9|205|51|
21.4|205|52|
50.4|205|57|
21.5|205|61|
27.7|205|62|
14.6|205|63|
30.5|205|65|
51.3|205|68|
39.3|205|69|
29.4|205|72|
30|205|74|
48|205|77|
10.2|205|86|
16.8|205|87|
40.3|205|88|
4.5|205|90|
18.1|205|91|
43.1|205|95|
52.6|205|102|
38.5|205|105|
10.7|205|112|
27.5|205|114|
7.9|205|115|
45.7|205|117|
29|205|119|
50.8|205|121|
42.6|205|126|
11.3|205|128|
43.9|205|135|
17.5|205|136|
29.2|205|137|
51.4|205|144|
9.3|205|148|
19.9|205|149|
8.1|205|150|
45|205|152|
33.1|205|171|
43.9|205|172|
15.7|205|173|
39|205|182|
3.2|205|186|
16.2|205|190|
33.2|205|191|
57|205|192|
47.7|205|193|
35.3|205|194|
24|206|1|
15.4|206|2|
18.5|206|7|
26.5|206|10|
45.1|206|13|
22|206|17|
43.1|206|18|
11.8|206|21|
40|206|26|
42.1|206|28|
37.6|206|29|
43.6|206|32|
42.8|206|33|
2.2|206|34|
15|206|36|
29.6|206|39|
41.3|206|41|
10.5|206|49|
25.9|206|50|
24.7|206|51|
20.4|206|52|
29.2|206|56|
49.7|206|57|
20.8|206|61|
27.7|206|62|
27.9|206|65|
50.2|206|68|
37.9|206|69|
47.7|206|70|
17.9|206|71|
29.6|206|72|
29.8|206|74|
47.8|206|77|
27.5|206|80|
7.5|206|84|
9.8|206|86|
17.5|206|87|
35.4|206|88|
4.6|206|90|
18.1|206|91|
47.7|206|92|
42.1|206|95|
53.1|206|102|
17.2|206|103|
37.6|206|105|
15.5|206|110|
9.7|206|112|
24.4|206|114|
8.2|206|115|
45|206|117|
29|206|119|
49.2|206|121|
23.1|206|124|
54.8|206|125|
42.7|206|126|
10|206|128|
13.6|206|133|
28.9|206|137|
49.4|206|144|
28.9|206|147|
20.9|206|149|
7.8|206|150|
43.1|206|152|
42|206|157|
36.2|206|160|
38.3|206|166|
10.6|206|167|
28.7|206|170|
32.1|206|171|
43.6|206|172|
15.7|206|173|
29.9|206|175|
9|206|178|
18.9|206|180|
38.4|206|182|
19.6|206|188|
16.2|206|190|
31.8|206|191|
46.5|206|193|
34.7|206|194|
21.5|207|1|
29.2|207|4|
19|207|7|
2|207|8|
43.2|207|13|
41.8|207|18|
28.9|207|22|
7|207|23|
6.6|207|25|
40|207|26|
41.6|207|28|
35.6|207|29|
41.9|207|33|
2.1|207|34|
14.4|207|36|
45.8|207|38|
28.5|207|39|
39|207|41|
10.1|207|49|
29.4|207|50|
26.7|207|51|
19.5|207|52|
48.6|207|57|
20.1|207|61|
25.9|207|62|
28.2|207|65|
49.1|207|68|
40|207|69|
27.1|207|72|
27.3|207|74|
45.8|207|77|
40.1|207|78|
5.4|207|84|
9.4|207|86|
16.2|207|87|
35.4|207|88|
5.1|207|90|
18|207|91|
41.1|207|95|
39.6|207|96|
21|207|97|
51.6|207|102|
34.1|207|105|
31.5|207|108|
9|207|112|
21.7|207|114|
8.3|207|115|
44.3|207|117|
29.2|207|119|
24|207|120|
47.4|207|121|
39.2|207|126|
8.7|207|128|
28|207|137|
48.1|207|144|
22.6|207|149|
7.5|207|150|
39.6|207|152|
32.8|207|156|
17.3|207|162|
39.3|207|171|
43.2|207|172|
15.9|207|173|
57.2|207|174|
10|207|181|
37.1|207|182|
10.8|207|187|
25.7|207|189|
15.6|207|190|
32.2|207|191|
45.8|207|193|
34.8|207|194|
19.3|208|1|
19.6|208|7|
42.7|208|13|
40.6|208|18|
34.9|208|19|
27.1|208|20|
38.2|208|26|
39.5|208|28|
34.8|208|29|
41|208|33|
2|208|34|
9.8|208|35|
13.8|208|36|
27.4|208|39|
5.6|208|40|
35.8|208|41|
9.3|208|49|
28.3|208|50|
30.7|208|51|
20.8|208|52|
40.4|208|56|
47.5|208|57|
19.5|208|61|
25|208|62|
28.4|208|65|
48|208|68|
35.5|208|69|
26|208|72|
26.1|208|74|
44.8|208|77|
6.9|208|84|
9.1|208|86|
15.1|208|87|
35.5|208|88|
5.1|208|90|
18|208|91|
40.1|208|95|
50.1|208|102|
30.8|208|105|
23.6|208|108|
8.4|208|112|
19.3|208|114|
8.5|208|115|
43.5|208|117|
27|208|119|
45.6|208|121|
40.6|208|126|
7.5|208|128|
19|208|134|
27.5|208|137|
32.3|208|138|
46.8|208|144|
30.8|208|147|
24.4|208|149|
7.2|208|150|
37.2|208|152|
24.9|208|158|
30.3|208|171|
42.9|208|172|
16|208|173|
26.9|208|175|
12.5|208|179|
36.2|208|182|
14.6|208|190|
30.5|208|191|
44.5|208|193|
35|208|194|
23.2|209|1|
20.2|209|7|
42.2|209|13|
39.4|209|18|
19.7|209|24|
35.1|209|26|
40.5|209|28|
34.1|209|29|
40.1|209|33|
9|209|35|
13.2|209|36|
26.4|209|39|
33.8|209|41|
8.8|209|49|
27.4|209|50|
27.7|209|51|
17.7|209|52|
46.5|209|57|
18.8|209|61|
24.2|209|62|
11.3|209|63|
26.2|209|65|
51.5|209|68|
34.4|209|69|
19.3|209|71|
24.9|209|72|
24.9|209|74|
43.7|209|77|
8.2|209|86|
14.1|209|87|
33.6|209|88|
3.8|209|90|
22.6|209|91|
39.3|209|95|
49.4|209|101|
48.8|209|102|
19|209|104|
27.8|209|105|
7.9|209|112|
17.2|209|114|
8.7|209|115|
43.5|209|117|
35.1|209|118|
26.1|209|119|
43.8|209|121|
39|209|126|
32.4|209|127|
6.6|209|128|
9.8|209|130|
23.9|209|137|
2.9|209|139|
52|209|144|
26.4|209|149|
6.9|209|150|
40.4|209|152|
25.3|209|157|
19.2|209|162|
28.8|209|171|
43.2|209|172|
16.1|209|173|
57.5|209|174|
38.2|209|182|
2.7|209|186|
13.4|209|190|
43.5|209|193|
35.1|209|194|
17.1|210|1|
20.9|210|7|
41.8|210|13|
38.3|210|18|
33.5|210|19|
34.7|210|26|
57.6|210|27|
39.8|210|28|
33.4|210|29|
40.7|210|32|
38.7|210|33|
9.4|210|35|
12.6|210|36|
43.4|210|38|
25.4|210|39|
31.9|210|41|
8.3|210|49|
26.4|210|50|
26.5|210|51|
16.8|210|52|
52.5|210|54|
30.9|210|56|
45.4|210|57|
18.2|210|61|
23.4|210|62|
24.5|210|65|
47.6|210|68|
33.2|210|69|
32|210|70|
23.9|210|72|
23.7|210|74|
42.7|210|77|
39.2|210|78|
6|210|84|
7.1|210|85|
8.4|210|86|
13.1|210|87|
32|210|88|
4.1|210|90|
17.9|210|91|
37.9|210|95|
39|210|96|
47.3|210|102|
27.8|210|105|
7.4|210|112|
15.5|210|114|
8.8|210|115|
43.2|210|117|
25.2|210|119|
42.1|210|121|
37.5|210|126|
5.7|210|128|
10.9|210|133|
49.5|210|135|
23.3|210|137|
44.3|210|144|
28.6|210|149|
6.6|210|150|
44.4|210|152|
2.5|210|159|
31.3|210|160|
34.1|210|166|
8.8|210|167|
27.9|210|170|
28.5|210|171|
42.1|210|172|
16.1|210|173|
29.8|210|175|
34.4|210|182|
22.7|210|191|
42.6|210|193|
32.2|210|194|
16.2|211|1|
17.8|211|7|
16.4|211|10|
41.3|211|13|
19.3|211|17|
37.2|211|18|
34.6|211|26|
38|211|28|
32.6|211|29|
39.5|211|33|
24.4|211|39|
30.1|211|41|
7.9|211|49|
25.5|211|50|
25.4|211|51|
15.9|211|52|
26.2|211|53|
44.4|211|57|
17.6|211|61|
23.8|211|62|
22.8|211|65|
47.4|211|68|
34.4|211|69|
23|211|72|
22.7|211|74|
41.7|211|77|
6.8|211|79|
22.1|211|80|
8.1|211|86|
11.9|211|87|
30.4|211|88|
4|211|90|
17.9|211|91|
44.2|211|92|
36.7|211|95|
45.7|211|102|
34.3|211|105|
29.7|211|108|
6.9|211|112|
13.6|211|114|
9|211|115|
14.9|211|116|
42.9|211|117|
24.4|211|119|
40.5|211|121|
35.8|211|126|
4.9|211|128|
43|211|131|
19.5|211|137|
33.4|211|138|
42.7|211|144|
26.7|211|149|
6.4|211|150|
42.5|211|152|
27.7|211|171|
35|211|172|
16.2|211|173|
9.2|211|177|
33.5|211|182|
10.7|211|187|
27.5|211|191|
46.6|211|192|
41.8|211|193|
31|211|194|
15.2|212|1|
11.7|212|2|
15.2|212|7|
42.1|212|13|
7.7|212|14|
36.1|212|18|
18.2|212|20|
8.9|212|21|
32.8|212|26|
36.1|212|28|
32.4|212|29|
39.7|212|32|
39.7|212|33|
31.1|212|37|
23.4|212|39|
29.9|212|41|
33.5|212|47|
7.5|212|49|
25.4|212|50|
24.3|212|51|
15.1|212|52|
43.2|212|57|
17|212|61|
21.1|212|62|
21.5|212|65|
47.2|212|68|
31.1|212|69|
22|212|72|
22.6|212|74|
40.7|212|77|
6.8|212|84|
7.8|212|86|
10.8|212|87|
28.9|212|88|
4.3|212|90|
17.9|212|91|
35.6|212|95|
48.9|212|101|
44|212|102|
38.1|212|105|
23|212|108|
13.6|212|110|
6.4|212|112|
12.1|212|114|
9.2|212|115|
23.5|212|119|
39.5|212|121|
17.3|212|124|
39.9|212|125|
36.3|212|126|
27.9|212|127|
10.7|212|136|
18.4|212|137|
43.8|212|144|
15.5|212|149|
6.3|212|150|
7.9|212|151|
40.2|212|152|
27.2|212|158|
14.6|212|162|
2.5|212|164|
26.9|212|171|
38.9|212|172|
16.4|212|173|
26.2|212|175|
8.1|212|176|
10.1|212|178|
33.7|212|182|
2.1|212|186|
26.7|212|191|
40.9|212|193|
29.8|212|194|
40.4|213|0|
14.4|213|1|
12.9|213|7|
17.8|213|10|
38.7|213|13|
35.1|213|18|
31.3|213|26|
34.3|213|28|
32.1|213|29|
39.9|213|33|
1.8|213|34|
8.1|213|35|
42.7|213|38|
22.3|213|39|
26.5|213|41|
7.1|213|49|
23.3|213|51|
14.4|213|52|
41.9|213|57|
24.6|213|62|
20.1|213|65|
47|213|68|
31.4|213|69|
22|213|72|
39.8|213|77|
36.4|213|78|
9.8|213|87|
27.5|213|88|
4.8|213|90|
15.2|213|91|
34.5|213|95|
32.1|213|96|
42.4|213|102|
35.6|213|105|
10.8|213|114|
9.4|213|115|
22.7|213|119|
38.5|213|121|
42.5|213|125|
36.5|213|126|
45|213|131|
17.7|213|137|
30|213|138|
39.7|213|144|
18.8|213|149|
6.1|213|150|
37.8|213|152|
24.7|213|171|
37.4|213|172|
14.1|213|173|
51.7|213|174|
10|213|179|
31.6|213|182|
28.9|213|189|
25.9|213|191|
46.4|213|192|
40|213|193|
28.7|213|194|
13.5|214|1|
11|214|7|
36.2|214|13|
34|214|18|
7|214|25|
29|214|26|
32.4|214|28|
31.7|214|29|
40.1|214|33|
1.8|214|34|
21.2|214|39|
24.8|214|41|
23.9|214|50|
22.3|214|51|
13.6|214|52|
25.5|214|56|
40.4|214|57|
18.8|214|65|
46.7|214|68|
31.8|214|69|
27.6|214|70|
11.3|214|71|
22|214|72|
38.7|214|77|
6|214|84|
8.9|214|87|
26.2|214|88|
5.8|214|90|
12.9|214|91|
33.4|214|95|
38.1|214|97|
42.4|214|102|
33.2|214|105|
37.5|214|121|
42.2|214|125|
33.6|214|126|
14.1|214|130|
7.4|214|133|
14.8|214|137|
2.6|214|139|
38.3|214|144|
4.9|214|145|
17.2|214|147|
18.8|214|149|
6|214|150|
36.1|214|152|
38.2|214|166|
22.7|214|171|
34.7|214|172|
12.2|214|173|
27.6|214|175|
34|214|182|
2.4|214|186|
24.9|214|191|
27.6|214|194|
12.8|215|1|
37.6|215|4|
9.4|215|7|
15|215|17|
33.8|215|18|
39.8|215|33|
23.2|215|41|
39.6|215|57|
46.7|215|68|
32.1|215|69|
22|215|72|
37.9|215|77|
8|215|87|
4.9|215|90|
12.6|215|91|
35.5|215|92|
37.4|215|102|
17.7|215|103|
30.4|215|105|
27.9|215|108|
12.4|215|110|
42.3|215|117|
36.6|215|121|
33|215|126|
14.7|215|137|
33.1|215|138|
36.9|215|144|
20.7|215|149|
34.3|215|152|
31.7|215|156|
20.8|215|171|
34.5|215|172|
10.6|215|173|
11.5|215|180|
29.8|215|182|
24.6|215|191|
27.1|215|194|
12|216|1|
9.4|216|7|
33.6|216|18|
16.1|216|20|
26.8|216|26|
55.9|216|27|
12.7|216|36|
21.6|216|41|
38.4|216|57|
1.7|216|64|
32.4|216|69|
21.9|216|72|
5.9|216|90|
12.3|216|91|
30.1|216|96|
38.3|216|102|
20.7|216|103|
10|216|110|
7.3|216|114|
29.4|216|118|
36|216|121|
41.3|216|125|
43.6|216|126|
5.6|216|136|
13.1|216|137|
17.1|216|149|
32.6|216|152|
27.4|216|158|
17.3|216|162|
19.6|216|171|
10.5|216|173|
28.9|216|182|
3.5|216|186|
24.3|216|191|
11.3|217|1|
33.4|217|18|
21.1|217|26|
17.5|217|65|
21.9|217|72|
34.7|217|77|
6.4|217|90|
12|217|91|
33.1|217|92|
34.8|217|107|
15.1|217|116|
19.1|217|127|
11.4|217|130|
12.9|217|137|
16.5|217|149|
29.3|217|152|
17.5|217|171|
23.8|217|175|
10.8|217|188|
23.8|217|191|
38.2|218|0|
30.8|218|13|
32.2|218|18|
24.9|218|26|
28.9|218|29|
40.8|218|32|
13.6|218|62|
30.3|218|69|
30.5|218|78|
12.6|218|80|
11.8|218|91|
34.6|218|95|
41.6|218|101|
39|218|102|
26.9|218|105|
22.8|218|108|
9.4|218|114|
48.5|218|125|
36.8|218|126|
37.6|218|131|
12.2|218|137|
30.3|218|138|
31.8|218|172|
8.4|218|178|
6|218|179|
34.6|218|193|
7.9|219|6|
54.2|219|27|
36.8|219|57|
18.8|219|149|
29.5|219|152|
23.5|219|194|
